s 4 9118
s 7 5457
s 10 3929
s 15 6745
s 18 9012
s 22 3938
s 24 4381
s 27 5020
s 30 9513
s 31 4356
s 33 3861
s 34 9760
s 37 7240
s 45 3198
s 48 3940
s 54 8024
s 57 8596
s 62 4878
s 63 5784
s 68 7613
s 70 5444
s 71 6340
s 77 3316
s 82 7035
s 85 6490
s 90 6592
s 91 9846
s 94 3646
s 95 9538
s 99 5416
1 2 8790
1 8 9124
1 15 8985
1 18 9680
1 26 7786
1 27 6199
1 29 5080
1 39 7810
1 45 3206
1 46 4141
1 47 6790
1 50 6492
1 51 7486
1 55 5859
1 59 4109
1 61 9375
1 69 4808
1 70 9077
1 73 3976
1 75 5700
1 77 7081
1 83 4665
1 87 5978
1 92 3654
1 96 4708
1 98 6710
2 1 8790
2 11 8732
2 15 3266
2 19 5941
2 23 5692
2 31 5216
2 34 3835
2 37 5363
2 42 4905
2 44 6843
2 50 9829
2 52 7224
2 55 9216
2 56 8920
2 57 3900
2 67 6683
2 69 4234
2 70 9707
2 71 5597
2 72 5834
2 76 7902
2 80 7893
2 85 3547
2 86 6687
2 89 8362
2 90 7887
2 91 9550
2 94 5327
2 95 3094
3 8 8256
3 10 8158
3 11 9023
3 12 7124
3 17 7211
3 18 4286
3 33 9071
3 36 6583
3 38 4753
3 39 6021
3 41 3311
3 44 3547
3 45 5898
3 56 4670
3 58 6178
3 59 5133
3 63 5397
3 68 3306
3 73 6625
3 74 8933
3 77 6326
3 82 4498
3 84 3230
3 85 7239
3 99 9585
4 5 5228
4 8 6970
4 10 6009
4 19 3058
4 31 4688
4 36 3045
4 44 7457
4 54 7291
4 65 6313
4 66 6950
4 70 8186
4 73 6959
4 78 7517
4 79 8178
4 83 5317
4 84 6475
4 91 8581
5 4 5228
5 7 4609
5 8 8943
5 9 3270
5 13 9581
5 15 4211
5 17 6896
5 20 4814
5 21 5664
5 24 9352
5 29 5592
5 32 3045
5 35 4580
5 36 5051
5 37 3685
5 38 7726
5 39 9487
5 41 4432
5 45 6659
5 48 7289
5 49 9939
5 53 7724
5 54 5724
5 57 5285
5 59 5283
5 61 6418
5 64 6805
5 68 9154
5 70 3664
5 74 7678
5 75 7799
5 78 7451
5 84 6692
5 86 3414
5 87 4383
5 90 3190
5 95 4379
6 7 5875
6 8 3686
6 9 5900
6 10 7641
6 13 5700
6 14 8973
6 17 3856
6 18 6248
6 20 9998
6 29 4818
6 38 9402
6 39 4955
6 40 5050
6 43 5998
6 49 5807
6 50 4903
6 51 9593
6 53 3139
6 55 7305
6 56 3006
6 58 9036
6 63 5672
6 71 5132
6 72 3600
6 73 4778
6 75 8722
6 80 3713
6 85 4981
6 95 4007
7 5 4609
7 6 5875
7 10 4668
7 17 9042
7 19 6155
7 22 5285
7 25 6605
7 27 5433
7 38 3165
7 44 9858
7 47 8316
7 50 7431
7 52 5514
7 54 4339
7 58 8666
7 66 4739
7 70 7189
7 77 3993
7 81 5856
7 82 5965
7 87 8425
7 89 9498
7 91 4297
7 94 9542
7 95 9948
8 1 9124
8 3 8256
8 4 6970
8 5 8943
8 6 3686
8 16 3035
8 19 3187
8 20 9538
8 25 4894
8 26 5132
8 29 9923
8 33 6688
8 41 5154
8 42 8491
8 44 6712
8 45 8848
8 57 5254
8 58 4832
8 59 9704
8 60 8671
8 65 5829
8 67 7991
8 68 9191
8 72 6712
8 73 9979
8 83 3420
8 88 6900
8 91 8379
8 92 7903
8 94 5575
8 97 8108
9 5 3270
9 6 5900
9 10 9872
9 14 5538
9 15 3358
9 22 9461
9 23 7469
9 27 9067
9 28 3077
9 29 8488
9 33 6124
9 36 8161
9 39 7602
9 42 3708
9 43 9835
9 46 3504
9 50 5116
9 52 4670
9 55 3908
9 60 4296
9 61 6461
9 62 4481
9 70 4790
9 73 4044
9 76 4028
9 78 6458
9 80 7047
9 88 5687
9 89 8744
9 90 9147
9 91 4239
9 93 5482
9 94 7276
9 98 8658
10 3 8158
10 4 6009
10 6 7641
10 7 4668
10 9 9872
10 11 5043
10 12 4956
10 13 6361
10 19 3815
10 28 9181
10 34 8626
10 37 9428
10 38 9815
10 44 6006
10 45 7342
10 48 3378
10 52 8015
10 53 4626
10 55 3103
10 57 5992
10 60 4852
10 62 5754
10 63 6266
10 64 3648
10 69 9246
10 72 6618
10 74 6414
10 75 8241
10 78 4475
10 80 5472
10 84 6195
10 85 7960
10 87 4993
10 88 3390
10 90 8824
10 92 8322
10 94 7889
10 97 6047
10 98 9296
11 2 8732
11 3 9023
11 10 5043
11 18 9922
11 20 5634
11 24 3350
11 31 8791
11 36 4847
11 41 7286
11 43 4666
11 44 7255
11 45 5022
11 46 9949
11 52 6554
11 53 9903
11 55 3497
11 60 3568
11 64 5943
11 65 9572
11 68 3888
11 71 5094
11 72 7910
11 78 5397
11 84 9089
11 86 8766
11 88 5940
11 93 4575
11 94 6680
11 95 7262
11 96 9288
11 98 8499
12 3 7124
12 10 4956
12 27 6521
12 30 6468
12 33 8881
12 36 5924
12 39 3397
12 41 7870
12 44 8644
12 53 4827
12 60 6892
12 61 4400
12 62 7176
12 63 8642
12 68 8674
12 71 3120
12 77 7326
12 84 8352
12 85 7963
12 86 4498
12 87 9461
12 92 6946
13 5 9581
13 6 5700
13 10 6361
13 14 7672
13 16 8807
13 17 4088
13 18 5223
13 19 3620
13 23 4364
13 31 8522
13 37 4564
13 38 7774
13 41 8274
13 42 7770
13 43 3020
13 46 3162
13 52 7624
13 54 7802
13 56 5536
13 57 6094
13 60 7786
13 61 9315
13 63 7654
13 66 7642
13 70 4580
13 71 4793
13 75 9983
13 76 4353
13 83 9288
13 84 9830
13 87 7175
13 88 3544
13 90 6427
13 92 5279
13 94 9383
13 96 8977
13 99 5046
14 6 8973
14 9 5538
14 13 7672
14 15 7383
14 16 3728
14 19 7296
14 20 8826
14 21 5246
14 27 9103
14 32 8124
14 50 5050
14 53 3857
14 56 8054
14 59 6063
14 63 3503
14 64 3258
14 65 8206
14 70 6999
14 72 9273
14 75 9105
14 80 5720
14 89 9401
14 92 3209
15 1 8985
15 2 3266
15 5 4211
15 9 3358
15 14 7383
15 19 7772
15 23 5696
15 24 3115
15 25 3425
15 27 8303
15 33 8023
15 36 9848
15 39 6564
15 47 4141
15 49 5954
15 51 4425
15 53 7210
15 58 9473
15 65 3292
15 78 5024
15 79 4850
15 85 4815
15 87 8569
15 93 3489
15 95 8114
15 98 4266
16 8 3035
16 13 8807
16 14 3728
16 19 9772
16 20 8576
16 24 4550
16 26 6653
16 27 9422
16 32 9909
16 36 4286
16 47 4244
16 52 3187
16 54 3684
16 57 6122
16 59 4311
16 60 3234
16 62 8618
16 63 7429
16 67 9923
16 76 3309
16 82 5641
16 83 5204
16 86 9361
16 87 9257
16 95 5470
16 98 4798
17 3 7211
17 5 6896
17 6 3856
17 7 9042
17 13 4088
17 18 5841
17 20 5073
17 24 7688
17 28 9742
17 33 9899
17 34 6885
17 36 9243
17 43 5218
17 46 7058
17 49 4668
17 51 7719
17 54 4649
17 56 8012
17 57 4306
17 65 4375
17 69 4562
17 73 6937
17 79 9729
17 80 5428
17 81 4679
17 82 3827
17 83 9129
17 87 3855
17 88 3843
17 92 6372
17 93 4702
18 1 9680
18 3 4286
18 6 6248
18 11 9922
18 13 5223
18 17 5841
18 20 8766
18 23 6609
18 24 6012
18 28 7303
18 30 3511
18 32 5378
18 39 9327
18 54 7151
18 56 3057
18 57 9637
18 64 5110
18 65 3347
18 67 7119
18 71 6970
18 75 5476
18 79 5571
18 80 5468
18 85 7556
19 2 5941
19 4 3058
19 7 6155
19 8 3187
19 10 3815
19 13 3620
19 14 7296
19 15 7772
19 16 9772
19 20 4725
19 22 4412
19 24 8564
19 28 5788
19 30 6147
19 31 9461
19 32 3042
19 34 8741
19 36 4167
19 38 6709
19 39 7511
19 40 6919
19 42 7164
19 44 8597
19 45 8958
19 48 6835
19 52 6497
19 53 7108
19 54 7119
19 57 5986
19 61 5098
19 62 9973
19 65 9712
19 71 8296
19 72 3667
19 77 4756
19 85 4940
19 86 3152
19 94 3503
19 98 6975
20 5 4814
20 6 9998
20 8 9538
20 11 5634
20 14 8826
20 16 8576
20 17 5073
20 18 8766
20 19 4725
20 22 6602
20 28 9293
20 29 7186
20 30 6556
20 33 8049
20 36 7279
20 37 6767
20 38 6190
20 40 9757
20 44 8209
20 54 7256
20 56 4220
20 60 7334
20 62 8212
20 64 4584
20 69 7350
20 72 6141
20 75 8532
20 79 5067
20 85 7877
20 88 3462
20 95 8317
20 99 8524
21 5 5664
21 14 5246
21 26 9296
21 30 9567
21 38 5957
21 42 7363
21 43 3754
21 44 4633
21 48 4225
21 49 8882
21 50 9795
21 58 3026
21 61 6741
21 67 9201
21 71 5494
21 73 9919
21 76 7180
21 82 4048
21 88 4802
21 91 3646
21 96 4684
21 98 7403
22 7 5285
22 9 9461
22 19 4412
22 20 6602
22 27 9678
22 29 9152
22 33 4216
22 35 7651
22 38 7671
22 43 4347
22 44 3573
22 49 5300
22 50 6396
22 53 4150
22 60 9797
22 64 8011
22 66 3782
22 67 6073
22 68 6731
22 71 6294
22 73 3088
22 77 4569
22 82 7785
22 83 6516
22 87 9912
22 88 7190
22 93 5095
22 98 9756
23 2 5692
23 9 7469
23 13 4364
23 15 5696
23 18 6609
23 26 9619
23 28 9880
23 30 6927
23 33 3323
23 34 7683
23 37 7506
23 41 5735
23 43 5690
23 47 4833
23 48 5784
23 54 6379
23 59 5593
23 63 7624
23 66 3929
23 70 9337
23 71 8688
23 74 9713
23 75 4096
23 76 5117
23 78 9846
23 79 4500
23 80 6018
23 81 3404
23 84 4514
23 90 3505
23 95 8968
24 5 9352
24 11 3350
24 15 3115
24 16 4550
24 17 7688
24 18 6012
24 19 8564
24 28 6088
24 29 7922
24 31 5820
24 33 6980
24 35 3853
24 40 8788
24 41 5533
24 42 4985
24 46 3296
24 47 6569
24 50 9630
24 52 3775
24 53 7493
24 54 8057
24 58 4713
24 64 8855
24 69 6430
24 74 6068
24 76 3683
24 80 9506
24 81 6853
24 85 7332
24 89 4148
24 91 9077
24 99 4240
25 7 6605
25 8 4894
25 15 3425
25 27 9448
25 29 4834
25 40 4412
25 41 6087
25 42 9858
25 51 5736
25 54 6194
25 60 6949
25 61 4939
25 66 6892
25 70 4317
25 72 3700
25 75 4526
25 77 4925
25 80 7955
25 82 3778
25 83 7236
25 84 6087
25 85 4196
25 86 3848
25 87 9302
25 88 6395
25 89 5554
25 91 9012
26 1 7786
26 8 5132
26 16 6653
26 21 9296
26 23 9619
26 27 3997
26 29 5557
26 32 3100
26 33 9714
26 36 6080
26 41 6432
26 44 4167
26 48 6251
26 49 9096
26 50 5163
26 52 7260
26 54 5703
26 57 5485
26 58 8158
26 59 5870
26 62 3316
26 63 6630
26 64 4565
26 65 3993
26 67 3278
26 71 7465
26 78 7424
26 79 3214
26 86 7439
26 87 4769
26 88 9987
26 89 6929
26 96 6398
26 99 4126
27 1 6199
27 7 5433
27 9 9067
27 12 6521
27 14 9103
27 15 8303
27 16 9422
27 22 9678
27 25 9448
27 26 3997
27 30 8382
27 39 3268
27 40 4281
27 42 4557
27 43 3451
27 46 7002
27 51 8711
27 52 7801
27 53 7026
27 54 7361
27 55 4774
27 60 9843
27 61 7812
27 62 6893
27 67 8897
27 71 6927
27 74 4826
27 76 3728
27 79 9604
27 82 5637
27 84 6174
27 85 4544
27 89 5334
27 90 3547
27 92 9471
27 95 6585
27 97 8029
28 9 3077
28 10 9181
28 17 9742
28 18 7303
28 19 5788
28 20 9293
28 23 9880
28 24 6088
28 31 9715
28 34 9329
28 38 3882
28 42 7189
28 45 3246
28 46 9140
28 47 5405
28 49 7330
28 50 7769
28 54 7785
28 62 3301
28 71 9760
28 72 4920
28 75 8596
28 84 7968
28 88 9484
28 91 8762
28 93 7779
28 94 7043
29 1 5080
29 5 5592
29 6 4818
29 8 9923
29 9 8488
29 20 7186
29 22 9152
29 24 7922
29 25 4834
29 26 5557
29 30 9937
29 35 8310
29 38 4558
29 40 9819
29 45 7377
29 49 6914
29 51 5416
29 53 6220
29 56 4590
29 62 8288
29 65 8787
29 70 7945
29 73 4242
29 84 6006
29 85 6707
29 88 9226
29 89 3290
29 91 4060
29 97 3177
29 98 4824
30 12 6468
30 18 3511
30 19 6147
30 20 6556
30 21 9567
30 23 6927
30 27 8382
30 29 9937
30 35 9592
30 43 9527
30 46 5096
30 47 7272
30 50 3252
30 52 5438
30 53 3928
30 55 9985
30 56 3107
30 57 4690
30 58 7054
30 59 5244
30 63 6554
30 66 4003
30 69 6350
30 74 7311
30 76 8156
30 80 3061
30 82 3607
30 87 5741
30 92 5513
30 93 5744
30 95 9288
30 99 5900
31 2 5216
31 4 4688
31 11 8791
31 13 8522
31 19 9461
31 24 5820
31 28 9715
31 35 8035
31 38 9719
31 39 9525
31 40 5978
31 50 9138
31 52 4096
31 58 4966
31 63 9704
31 69 4929
31 83 5661
31 84 6577
31 88 7778
31 91 6768
31 93 8913
32 5 3045
32 14 8124
32 16 9909
32 18 5378
32 19 3042
32 26 3100
32 34 7318
32 35 8124
32 37 6116
32 53 3478
32 55 9759
32 57 3477
32 60 8605
32 70 4453
32 72 4583
32 76 7059
32 81 6518
32 82 8135
32 83 3390
32 89 6611
32 91 9822
32 97 6260
32 98 3421
33 3 9071
33 8 6688
33 9 6124
33 12 8881
33 15 8023
33 17 9899
33 20 8049
33 22 4216
33 23 3323
33 24 6980
33 26 9714
33 44 9711
33 53 8142
33 55 7808
33 60 6272
33 63 8832
33 65 7961
33 67 5726
33 71 5732
33 72 8061
33 73 6763
33 75 3575
33 81 8310
33 82 3907
33 83 8464
33 87 3290
33 88 4743
33 90 3541
33 96 3743
33 97 3165
34 2 3835
34 10 8626
34 17 6885
34 19 8741
34 23 7683
34 28 9329
34 32 7318
34 35 3842
34 37 4771
34 38 4130
34 40 8737
34 42 6385
34 45 5336
34 48 9386
34 56 9005
34 60 4158
34 62 7025
34 67 4414
34 70 6412
34 72 3231
34 73 4213
34 79 7964
34 83 3762
34 84 4097
34 96 8652
34 98 7961
34 99 7609
35 5 4580
35 22 7651
35 24 3853
35 29 8310
35 30 9592
35 31 8035
35 32 8124
35 34 3842
35 37 5277
35 38 3587
35 42 6606
35 43 7246
35 44 6817
35 46 7200
35 52 7070
35 56 8715
35 58 3403
35 59 5597
35 62 3579
35 63 3823
35 64 4550
35 67 7348
35 69 4521
35 71 5173
35 75 8894
35 76 3625
35 78 9312
35 79 3381
35 84 3440
35 85 5533
35 88 9658
35 89 5802
35 90 3342
35 92 5488
36 3 6583
36 4 3045
36 5 5051
36 9 8161
36 11 4847
36 12 5924
36 15 9848
36 16 4286
36 17 9243
36 19 4167
36 20 7279
36 26 6080
36 37 7876
36 38 9005
36 40 8537
36 42 6386
36 46 5973
36 47 8330
36 50 9601
36 52 8793
36 67 6984
36 69 3053
36 71 4613
36 76 9410
36 77 9465
36 80 5163
36 81 3683
36 86 4685
36 90 9093
36 93 3977
36 95 3521
37 2 5363
37 5 3685
37 10 9428
37 13 4564
37 20 6767
37 23 7506
37 32 6116
37 34 4771
37 35 5277
37 36 7876
37 41 6978
37 43 8524
37 44 4764
37 47 3364
37 49 8015
37 50 8849
37 52 8227
37 54 9606
37 57 8080
37 58 7476
37 68 6990
37 69 3764
37 75 3456
37 81 6668
37 83 3075
37 85 6706
37 87 4162
37 89 5086
37 92 3418
37 95 4341
37 99 6038
38 3 4753
38 5 7726
38 6 9402
38 7 3165
38 10 9815
38 13 7774
38 19 6709
38 20 6190
38 21 5957
38 22 7671
38 28 3882
38 29 4558
38 31 9719
38 34 4130
38 35 3587
38 36 9005
38 39 4569
38 43 8518
38 45 3913
38 46 5452
38 49 7208
38 53 3980
38 58 4357
38 59 3845
38 61 8637
38 62 5716
38 64 5344
38 72 9984
38 73 9129
38 77 8360
38 80 8236
38 83 3334
38 89 5951
38 90 7359
38 92 3926
38 95 8081
39 1 7810
39 3 6021
39 5 9487
39 6 4955
39 9 7602
39 12 3397
39 15 6564
39 18 9327
39 19 7511
39 27 3268
39 31 9525
39 38 4569
39 40 5629
39 43 5024
39 46 7874
39 47 7036
39 48 6602
39 49 8188
39 52 5199
39 56 3600
39 60 4998
39 67 4343
39 74 7182
39 76 5622
39 78 9445
39 81 4874
39 82 7068
39 90 7751
39 91 3979
39 92 8869
39 95 3683
39 96 8296
40 6 5050
40 19 6919
40 20 9757
40 24 8788
40 25 4412
40 27 4281
40 29 9819
40 31 5978
40 34 8737
40 36 8537
40 39 5629
40 42 7948
40 45 5041
40 47 7066
40 63 9758
40 73 9918
40 76 5391
40 77 6075
40 78 6266
40 81 6543
40 86 5165
40 92 4601
40 94 4070
40 96 8220
40 97 3570
41 3 3311
41 5 4432
41 8 5154
41 11 7286
41 12 7870
41 13 8274
41 23 5735
41 24 5533
41 25 6087
41 26 6432
41 37 6978
41 43 5491
41 59 7248
41 70 5748
41 74 7975
41 76 5896
41 78 7412
41 82 4436
41 83 6185
41 85 6535
41 88 7601
41 91 6027
41 98 5773
42 2 4905
42 8 8491
42 9 3708
42 13 7770
42 19 7164
42 21 7363
42 24 4985
42 25 9858
42 27 4557
42 28 7189
42 34 6385
42 35 6606
42 36 6386
42 40 7948
42 44 6673
42 51 3036
42 56 6068
42 60 6173
42 61 5058
42 63 5053
42 65 3782
42 67 6740
42 77 5598
42 89 7680
42 90 7961
42 94 4888
42 95 7655
42 96 6735
43 6 5998
43 9 9835
43 11 4666
43 13 3020
43 17 5218
43 21 3754
43 22 4347
43 23 5690
43 27 3451
43 30 9527
43 35 7246
43 37 8524
43 38 8518
43 39 5024
43 41 5491
43 45 7055
43 48 9602
43 50 4530
43 53 7059
43 56 8586
43 59 8827
43 64 6931
43 66 5326
43 69 8243
43 70 4230
43 71 4355
43 74 3331
43 75 9800
43 79 6155
43 82 8797
43 84 7537
43 85 9387
43 87 4134
43 88 4586
43 90 3018
43 91 4222
43 93 5307
43 96 5293
43 99 8214
44 2 6843
44 3 3547
44 4 7457
44 7 9858
44 8 6712
44 10 6006
44 11 7255
44 12 8644
44 19 8597
44 20 8209
44 21 4633
44 22 3573
44 26 4167
44 33 9711
44 35 6817
44 37 4764
44 42 6673
44 48 3200
44 55 7935
44 56 4327
44 57 3914
44 60 3870
44 63 8054
44 65 5036
44 67 4117
44 69 7103
44 71 9580
44 73 6918
44 79 6919
44 80 3959
44 81 8747
44 82 9713
44 84 3112
44 86 9321
44 88 8080
44 89 3775
44 91 8416
44 93 6102
44 94 5468
44 95 4763
44 97 7146
45 1 3206
45 3 5898
45 5 6659
45 8 8848
45 10 7342
45 11 5022
45 19 8958
45 28 3246
45 29 7377
45 34 5336
45 38 3913
45 40 5041
45 43 7055
45 46 5505
45 50 7319
45 53 8236
45 57 6315
45 60 5279
45 68 9242
45 71 9318
45 74 5190
45 78 9220
45 80 8139
45 86 5833
45 91 3073
45 94 5764
46 1 4141
46 9 3504
46 11 9949
46 13 3162
46 17 7058
46 24 3296
46 27 7002
46 28 9140
46 30 5096
46 35 7200
46 36 5973
46 38 5452
46 39 7874
46 45 5505
46 54 8154
46 55 9967
46 60 9341
46 62 7372
46 65 7706
46 66 6082
46 67 5456
46 68 9209
46 73 7304
46 74 7423
46 77 3986
46 79 8807
46 84 8014
46 86 8933
46 87 7934
46 92 7212
46 93 6430
46 94 7553
47 1 6790
47 7 8316
47 15 4141
47 16 4244
47 23 4833
47 24 6569
47 28 5405
47 30 7272
47 36 8330
47 37 3364
47 39 7036
47 40 7066
47 54 3588
47 59 7633
47 60 9694
47 61 7509
47 63 9709
47 67 7443
47 73 5050
47 74 3404
47 81 8596
47 82 8182
47 86 8021
47 90 3267
47 91 8569
47 98 7392
47 99 9254
48 5 7289
48 10 3378
48 19 6835
48 21 4225
48 23 5784
48 26 6251
48 34 9386
48 39 6602
48 43 9602
48 44 3200
48 58 5584
48 60 5652
48 62 6565
48 64 4541
48 67 3581
48 71 9604
48 73 6696
48 81 9419
48 82 3015
48 83 8797
48 86 3352
48 87 3519
48 95 4765
49 5 9939
49 6 5807
49 15 5954
49 17 4668
49 21 8882
49 22 5300
49 26 9096
49 28 7330
49 29 6914
49 37 8015
49 38 7208
49 39 8188
49 50 4022
49 60 8506
49 61 7741
49 70 8419
49 71 8490
49 74 9966
49 83 5714
49 86 7202
49 88 4098
49 91 4145
50 1 6492
50 2 9829
50 6 4903
50 7 7431
50 9 5116
50 14 5050
50 21 9795
50 22 6396
50 24 9630
50 26 5163
50 28 7769
50 30 3252
50 31 9138
50 36 9601
50 37 8849
50 43 4530
50 45 7319
50 49 4022
50 55 4623
50 57 5727
50 58 4949
50 65 8545
50 67 6826
50 70 7121
50 73 9722
50 81 3347
50 83 7358
50 87 6080
50 89 6393
50 91 3264
50 92 5190
50 93 5410
50 97 9164
50 98 7525
50 99 8743
51 1 7486
51 6 9593
51 15 4425
51 17 7719
51 25 5736
51 27 8711
51 29 5416
51 42 3036
51 52 9456
51 53 9964
51 60 8289
51 61 6319
51 65 8936
51 66 3348
51 68 9988
51 69 4957
51 77 9078
51 78 8247
51 83 6267
51 86 5002
51 95 5058
51 98 8388
52 2 7224
52 7 5514
52 9 4670
52 10 8015
52 11 6554
52 13 7624
52 16 3187
52 19 6497
52 24 3775
52 26 7260
52 27 7801
52 30 5438
52 31 4096
52 35 7070
52 36 8793
52 37 8227
52 39 5199
52 51 9456
52 54 9236
52 55 8787
52 57 6729
52 59 9452
52 65 4373
52 67 9175
52 68 4349
52 76 4770
52 81 6701
52 85 5946
52 88 4387
53 5 7724
53 6 3139
53 10 4626
53 11 9903
53 12 4827
53 14 3857
53 15 7210
53 19 7108
53 22 4150
53 24 7493
53 27 7026
53 29 6220
53 30 3928
53 32 3478
53 33 8142
53 38 3980
53 43 7059
53 45 8236
53 51 9964
53 58 3274
53 59 8582
53 61 8883
53 66 4384
53 67 6020
53 72 6608
53 78 9753
53 80 4611
53 85 9502
53 92 9867
53 96 6699
53 99 4224
54 4 7291
54 5 5724
54 7 4339
54 13 7802
54 16 3684
54 17 4649
54 18 7151
54 19 7119
54 20 7256
54 23 6379
54 24 8057
54 25 6194
54 26 5703
54 27 7361
54 28 7785
54 37 9606
54 46 8154
54 47 3588
54 52 9236
54 55 6120
54 57 9176
54 58 7706
54 60 3810
54 62 3952
54 68 4483
54 70 3176
54 72 9657
54 77 8521
54 81 8950
54 82 9764
54 83 3364
54 87 8517
54 92 6723
54 93 3303
54 94 7238
55 1 5859
55 2 9216
55 6 7305
55 9 3908
55 10 3103
55 11 3497
55 27 4774
55 30 9985
55 32 9759
55 33 7808
55 44 7935
55 46 9967
55 50 4623
55 52 8787
55 54 6120
55 56 4363
55 60 4657
55 65 9413
55 67 5322
55 69 8432
55 74 9834
55 82 9838
55 85 7601
55 87 9690
55 88 7553
55 92 4922
55 99 8837
56 2 8920
56 3 4670
56 6 3006
56 13 5536
56 14 8054
56 17 8012
56 18 3057
56 20 4220
56 29 4590
56 30 3107
56 34 9005
56 35 8715
56 39 3600
56 42 6068
56 43 8586
56 44 4327
56 55 4363
56 59 9611
56 64 6677
56 66 8460
56 67 8400
56 70 6847
56 71 8960
56 72 5447
56 73 5671
56 75 7821
56 80 6851
56 81 9323
56 85 6695
56 87 3662
56 89 4813
56 90 7973
56 92 5211
56 94 7850
56 99 4832
57 2 3900
57 5 5285
57 8 5254
57 10 5992
57 13 6094
57 16 6122
57 17 4306
57 18 9637
57 19 5986
57 26 5485
57 30 4690
57 32 3477
57 37 8080
57 44 3914
57 45 6315
57 50 5727
57 52 6729
57 54 9176
57 65 5422
57 67 5287
57 69 8109
57 72 5502
57 73 9494
57 76 9095
57 78 4888
57 81 7355
57 91 7888
57 98 9967
57 99 5026
58 3 6178
58 6 9036
58 7 8666
58 8 4832
58 15 9473
58 21 3026
58 24 4713
58 26 8158
58 30 7054
58 31 4966
58 35 3403
58 37 7476
58 38 4357
58 48 5584
58 50 4949
58 53 3274
58 54 7706
58 61 9975
58 62 4877
58 63 9624
58 69 7583
58 70 4394
58 72 5087
58 74 3374
58 78 6969
58 82 3009
58 83 7997
58 93 8130
58 97 6562
58 99 6090
59 1 4109
59 3 5133
59 5 5283
59 8 9704
59 14 6063
59 16 4311
59 23 5593
59 26 5870
59 30 5244
59 35 5597
59 38 3845
59 41 7248
59 43 8827
59 47 7633
59 52 9452
59 53 8582
59 56 9611
59 61 9060
59 63 9641
59 65 8456
59 66 6990
59 69 5990
59 72 8217
59 77 6728
59 91 9814
59 94 6392
59 98 7583
60 8 8671
60 9 4296
60 10 4852
60 11 3568
60 12 6892
60 13 7786
60 16 3234
60 20 7334
60 22 9797
60 25 6949
60 27 9843
60 32 8605
60 33 6272
60 34 4158
60 39 4998
60 42 6173
60 44 3870
60 45 5279
60 46 9341
60 47 9694
60 48 5652
60 49 8506
60 51 8289
60 54 3810
60 55 4657
60 61 8982
60 62 6645
60 65 8482
60 67 7936
60 77 7741
60 81 4409
60 87 6107
60 92 3610
60 98 9361
60 99 3405
61 1 9375
61 5 6418
61 9 6461
61 12 4400
61 13 9315
61 19 5098
61 21 6741
61 25 4939
61 27 7812
61 38 8637
61 42 5058
61 47 7509
61 49 7741
61 51 6319
61 53 8883
61 58 9975
61 59 9060
61 60 8982
61 63 4854
61 64 3583
61 65 7797
61 69 8846
61 71 8723
61 72 8705
61 73 9811
61 74 6953
61 84 5478
61 85 7336
61 88 5976
61 91 3808
61 93 8121
61 99 5249
62 9 4481
62 10 5754
62 12 7176
62 16 8618
62 19 9973
62 20 8212
62 26 3316
62 27 6893
62 28 3301
62 29 8288
62 34 7025
62 35 3579
62 38 5716
62 46 7372
62 48 6565
62 54 3952
62 58 4877
62 60 6645
62 64 9104
62 68 7337
62 69 4460
62 71 8361
62 72 5247
62 73 3202
62 74 9013
62 76 5559
62 83 9981
62 86 5874
62 88 8879
62 90 7915
62 97 6463
63 3 5397
63 6 5672
63 10 6266
63 12 8642
63 13 7654
63 14 3503
63 16 7429
63 23 7624
63 26 6630
63 30 6554
63 31 9704
63 33 8832
63 35 3823
63 40 9758
63 42 5053
63 44 8054
63 47 9709
63 58 9624
63 59 9641
63 61 4854
63 67 6022
63 68 6582
63 72 3978
63 73 8830
63 79 4376
63 89 4335
63 90 7459
63 97 5168
64 5 6805
64 10 3648
64 11 5943
64 14 3258
64 18 5110
64 20 4584
64 22 8011
64 24 8855
64 26 4565
64 35 4550
64 38 5344
64 43 6931
64 48 4541
64 56 6677
64 61 3583
64 62 9104
64 66 7283
64 67 9535
64 69 7285
64 71 4674
64 72 6427
64 74 3700
64 75 6691
64 77 6616
64 80 4594
64 81 9903
64 83 3488
64 88 7847
64 91 6645
64 95 7484
65 4 6313
65 8 5829
65 11 9572
65 14 8206
65 15 3292
65 17 4375
65 18 3347
65 19 9712
65 26 3993
65 29 8787
65 33 7961
65 42 3782
65 44 5036
65 46 7706
65 50 8545
65 51 8936
65 52 4373
65 55 9413
65 57 5422
65 59 8456
65 60 8482
65 61 7797
65 66 7369
65 74 7542
65 76 5621
65 78 8071
65 87 4955
65 91 5373
65 99 5232
66 4 6950
66 7 4739
66 13 7642
66 22 3782
66 23 3929
66 25 6892
66 30 4003
66 43 5326
66 46 6082
66 51 3348
66 53 4384
66 56 8460
66 59 6990
66 64 7283
66 65 7369
66 68 7267
66 72 9926
66 75 7216
66 77 3065
66 80 7196
66 81 9855
66 86 5942
66 87 5465
66 88 7822
66 91 5914
66 92 7121
66 93 4552
66 97 8503
67 2 6683
67 8 7991
67 16 9923
67 18 7119
67 21 9201
67 22 6073
67 26 3278
67 27 8897
67 33 5726
67 34 4414
67 35 7348
67 36 6984
67 39 4343
67 42 6740
67 44 4117
67 46 5456
67 47 7443
67 48 3581
67 50 6826
67 52 9175
67 53 6020
67 55 5322
67 56 8400
67 57 5287
67 60 7936
67 63 6022
67 64 9535
67 68 7557
67 71 7636
67 78 7356
67 79 8950
67 82 9774
67 83 9337
67 95 3286
67 98 5696
68 3 3306
68 5 9154
68 8 9191
68 11 3888
68 12 8674
68 22 6731
68 37 6990
68 45 9242
68 46 9209
68 51 9988
68 52 4349
68 54 4483
68 62 7337
68 63 6582
68 66 7267
68 67 7557
68 70 4935
68 72 5265
68 73 4299
68 77 8056
68 86 8404
68 88 6373
68 90 6938
68 98 3600
69 1 4808
69 2 4234
69 10 9246
69 17 4562
69 20 7350
69 24 6430
69 30 6350
69 31 4929
69 35 4521
69 36 3053
69 37 3764
69 43 8243
69 44 7103
69 51 4957
69 55 8432
69 57 8109
69 58 7583
69 59 5990
69 61 8846
69 62 4460
69 64 7285
69 73 7189
69 74 8450
69 75 7042
69 80 5654
69 82 7597
69 83 6510
69 89 8024
69 90 3953
69 91 4615
69 97 9553
70 1 9077
70 2 9707
70 4 8186
70 5 3664
70 7 7189
70 9 4790
70 13 4580
70 14 6999
70 23 9337
70 25 4317
70 29 7945
70 32 4453
70 34 6412
70 41 5748
70 43 4230
70 49 8419
70 50 7121
70 54 3176
70 56 6847
70 58 4394
70 68 4935
70 76 8056
70 77 4971
70 80 8462
70 82 6817
70 83 7568
70 87 5410
70 89 3120
70 90 4581
70 93 3675
70 95 4611
70 96 6714
70 98 3541
71 2 5597
71 6 5132
71 11 5094
71 12 3120
71 13 4793
71 18 6970
71 19 8296
71 21 5494
71 22 6294
71 23 8688
71 26 7465
71 27 6927
71 28 9760
71 33 5732
71 35 5173
71 36 4613
71 43 4355
71 44 9580
71 45 9318
71 48 9604
71 49 8490
71 56 8960
71 61 8723
71 62 8361
71 64 4674
71 67 7636
71 75 7650
71 78 4674
71 79 8644
71 82 5847
71 86 9169
71 87 7740
72 2 5834
72 6 3600
72 8 6712
72 10 6618
72 11 7910
72 14 9273
72 19 3667
72 20 6141
72 25 3700
72 28 4920
72 32 4583
72 33 8061
72 34 3231
72 38 9984
72 53 6608
72 54 9657
72 56 5447
72 57 5502
72 58 5087
72 59 8217
72 61 8705
72 62 5247
72 63 3978
72 64 6427
72 66 9926
72 68 5265
72 74 9715
72 75 9327
72 76 6264
72 82 4285
72 85 9582
72 87 3435
72 89 4218
72 93 7497
73 1 3976
73 3 6625
73 4 6959
73 6 4778
73 8 9979
73 9 4044
73 17 6937
73 21 9919
73 22 3088
73 29 4242
73 33 6763
73 34 4213
73 38 9129
73 40 9918
73 44 6918
73 46 7304
73 47 5050
73 48 6696
73 50 9722
73 56 5671
73 57 9494
73 61 9811
73 62 3202
73 63 8830
73 68 4299
73 69 7189
73 75 6624
73 83 8118
73 90 3651
73 92 3118
73 96 4830
73 99 5731
74 3 8933
74 5 7678
74 10 6414
74 23 9713
74 24 6068
74 27 4826
74 30 7311
74 39 7182
74 41 7975
74 43 3331
74 45 5190
74 46 7423
74 47 3404
74 49 9966
74 55 9834
74 58 3374
74 61 6953
74 62 9013
74 64 3700
74 65 7542
74 69 8450
74 72 9715
74 75 6116
74 76 8033
74 78 8414
74 84 4252
74 85 7945
74 87 5146
74 89 9809
74 94 6228
74 98 8481
74 99 7614
75 1 5700
75 5 7799
75 6 8722
75 10 8241
75 13 9983
75 14 9105
75 18 5476
75 20 8532
75 23 4096
75 25 4526
75 28 8596
75 33 3575
75 35 8894
75 37 3456
75 43 9800
75 56 7821
75 64 6691
75 66 7216
75 69 7042
75 71 7650
75 72 9327
75 73 6624
75 74 6116
75 77 4651
75 81 4671
75 85 5273
75 86 3554
75 87 3484
75 89 5338
75 90 6346
75 92 4054
75 95 8505
76 2 7902
76 9 4028
76 13 4353
76 16 3309
76 21 7180
76 23 5117
76 24 3683
76 27 3728
76 30 8156
76 32 7059
76 35 3625
76 36 9410
76 39 5622
76 40 5391
76 41 5896
76 52 4770
76 57 9095
76 62 5559
76 65 5621
76 70 8056
76 72 6264
76 74 8033
76 79 7534
76 82 5527
76 85 9699
76 87 6360
76 89 6570
76 90 4236
76 97 6830
76 98 7637
77 1 7081
77 3 6326
77 7 3993
77 12 7326
77 19 4756
77 22 4569
77 25 4925
77 36 9465
77 38 8360
77 40 6075
77 42 5598
77 46 3986
77 51 9078
77 54 8521
77 59 6728
77 60 7741
77 64 6616
77 66 3065
77 68 8056
77 70 4971
77 75 4651
77 81 6034
77 85 7592
77 92 4216
77 95 7120
78 4 7517
78 5 7451
78 9 6458
78 10 4475
78 11 5397
78 15 5024
78 23 9846
78 26 7424
78 35 9312
78 39 9445
78 40 6266
78 41 7412
78 45 9220
78 51 8247
78 53 9753
78 57 4888
78 58 6969
78 65 8071
78 67 7356
78 71 4674
78 74 8414
78 79 5300
78 80 9073
78 81 7601
78 82 4661
78 87 4020
78 88 6766
78 90 6036
78 92 3551
78 93 6166
78 94 4386
78 96 9307
78 97 8077
78 99 6393
79 4 8178
79 15 4850
79 17 9729
79 18 5571
79 20 5067
79 23 4500
79 26 3214
79 27 9604
79 34 7964
79 35 3381
79 43 6155
79 44 6919
79 46 8807
79 63 4376
79 67 8950
79 71 8644
79 76 7534
79 78 5300
79 84 5308
79 89 6449
79 93 5608
79 94 9021
80 2 7893
80 6 3713
80 9 7047
80 10 5472
80 14 5720
80 17 5428
80 18 5468
80 23 6018
80 24 9506
80 25 7955
80 30 3061
80 36 5163
80 38 8236
80 44 3959
80 45 8139
80 53 4611
80 56 6851
80 64 4594
80 66 7196
80 69 5654
80 70 8462
80 78 9073
80 82 8614
80 87 7562
80 91 5796
80 93 7042
80 95 7798
80 96 6097
80 99 9438
81 7 5856
81 17 4679
81 23 3404
81 24 6853
81 32 6518
81 33 8310
81 36 3683
81 37 6668
81 39 4874
81 40 6543
81 44 8747
81 47 8596
81 48 9419
81 50 3347
81 52 6701
81 54 8950
81 56 9323
81 57 7355
81 60 4409
81 64 9903
81 66 9855
81 75 4671
81 77 6034
81 78 7601
81 83 4672
81 85 7139
81 90 8894
81 91 3322
81 96 4579
81 98 7358
81 99 5893
82 3 4498
82 7 5965
82 16 5641
82 17 3827
82 21 4048
82 22 7785
82 25 3778
82 27 5637
82 30 3607
82 32 8135
82 33 3907
82 39 7068
82 41 4436
82 43 8797
82 44 9713
82 47 8182
82 48 3015
82 54 9764
82 55 9838
82 58 3009
82 67 9774
82 69 7597
82 70 6817
82 71 5847
82 72 4285
82 76 5527
82 78 4661
82 80 8614
82 87 5990
82 89 5988
82 90 4046
82 93 8041
82 98 5425
82 99 3833
83 1 4665
83 4 5317
83 8 3420
83 13 9288
83 16 5204
83 17 9129
83 22 6516
83 25 7236
83 31 5661
83 32 3390
83 33 8464
83 34 3762
83 37 3075
83 38 3334
83 41 6185
83 48 8797
83 49 5714
83 50 7358
83 51 6267
83 54 3364
83 58 7997
83 62 9981
83 64 3488
83 67 9337
83 69 6510
83 70 7568
83 73 8118
83 81 4672
83 86 5473
83 87 8191
83 90 3858
83 97 3960
83 98 9874
84 3 3230
84 4 6475
84 5 6692
84 10 6195
84 11 9089
84 12 8352
84 13 9830
84 23 4514
84 25 6087
84 27 6174
84 28 7968
84 29 6006
84 31 6577
84 34 4097
84 35 3440
84 43 7537
84 44 3112
84 46 8014
84 61 5478
84 74 4252
84 79 5308
84 89 6875
84 96 9894
84 97 5937
84 99 7634
85 2 3547
85 3 7239
85 6 4981
85 10 7960
85 12 7963
85 15 4815
85 18 7556
85 19 4940
85 20 7877
85 24 7332
85 25 4196
85 27 4544
85 29 6707
85 35 5533
85 37 6706
85 41 6535
85 43 9387
85 52 5946
85 53 9502
85 55 7601
85 56 6695
85 61 7336
85 72 9582
85 74 7945
85 75 5273
85 76 9699
85 77 7592
85 81 7139
85 86 4984
85 87 3614
85 91 8588
85 92 5069
85 97 7954
85 98 7727
86 2 6687
86 5 3414
86 11 8766
86 12 4498
86 16 9361
86 19 3152
86 25 3848
86 26 7439
86 36 4685
86 40 5165
86 44 9321
86 45 5833
86 46 8933
86 47 8021
86 48 3352
86 49 7202
86 51 5002
86 62 5874
86 66 5942
86 68 8404
86 71 9169
86 75 3554
86 83 5473
86 85 4984
86 94 9131
86 99 4576
87 1 5978
87 5 4383
87 7 8425
87 10 4993
87 12 9461
87 13 7175
87 15 8569
87 16 9257
87 17 3855
87 22 9912
87 25 9302
87 26 4769
87 30 5741
87 33 3290
87 37 4162
87 43 4134
87 46 7934
87 48 3519
87 50 6080
87 54 8517
87 55 9690
87 56 3662
87 60 6107
87 65 4955
87 66 5465
87 70 5410
87 71 7740
87 72 3435
87 74 5146
87 75 3484
87 76 6360
87 78 4020
87 80 7562
87 82 5990
87 83 8191
87 85 3614
87 89 9764
87 91 7548
88 8 6900
88 9 5687
88 10 3390
88 11 5940
88 13 3544
88 17 3843
88 20 3462
88 21 4802
88 22 7190
88 25 6395
88 26 9987
88 28 9484
88 29 9226
88 31 7778
88 33 4743
88 35 9658
88 41 7601
88 43 4586
88 44 8080
88 49 4098
88 52 4387
88 55 7553
88 61 5976
88 62 8879
88 64 7847
88 66 7822
88 68 6373
88 78 6766
88 89 9871
88 92 7588
88 98 5433
89 2 8362
89 7 9498
89 9 8744
89 14 9401
89 24 4148
89 25 5554
89 26 6929
89 27 5334
89 29 3290
89 32 6611
89 35 5802
89 37 5086
89 38 5951
89 42 7680
89 44 3775
89 50 6393
89 56 4813
89 63 4335
89 69 8024
89 70 3120
89 72 4218
89 74 9809
89 75 5338
89 76 6570
89 79 6449
89 82 5988
89 84 6875
89 87 9764
89 88 9871
89 90 7561
89 92 8395
89 95 5871
89 96 4900
89 97 5294
89 99 6783
90 2 7887
90 5 3190
90 9 9147
90 10 8824
90 13 6427
90 23 3505
90 27 3547
90 33 3541
90 35 3342
90 36 9093
90 38 7359
90 39 7751
90 42 7961
90 43 3018
90 47 3267
90 56 7973
90 62 7915
90 63 7459
90 68 6938
90 69 3953
90 70 4581
90 73 3651
90 75 6346
90 76 4236
90 78 6036
90 81 8894
90 82 4046
90 83 3858
90 89 7561
90 91 5972
90 93 9170
90 97 7882
91 2 9550
91 4 8581
91 7 4297
91 8 8379
91 9 4239
91 21 3646
91 24 9077
91 25 9012
91 28 8762
91 29 4060
91 31 6768
91 32 9822
91 39 3979
91 41 6027
91 43 4222
91 44 8416
91 45 3073
91 47 8569
91 49 4145
91 50 3264
91 57 7888
91 59 9814
91 61 3808
91 64 6645
91 65 5373
91 66 5914
91 69 4615
91 80 5796
91 81 3322
91 85 8588
91 87 7548
91 90 5972
91 94 5369
91 96 5968
92 1 3654
92 8 7903
92 10 8322
92 12 6946
92 13 5279
92 14 3209
92 17 6372
92 27 9471
92 30 5513
92 35 5488
92 37 3418
92 38 3926
92 39 8869
92 40 4601
92 46 7212
92 50 5190
92 53 9867
92 54 6723
92 55 4922
92 56 5211
92 60 3610
92 66 7121
92 73 3118
92 75 4054
92 77 4216
92 78 3551
92 85 5069
92 88 7588
92 89 8395
92 97 7558
92 99 9472
93 9 5482
93 11 4575
93 15 3489
93 17 4702
93 22 5095
93 28 7779
93 30 5744
93 31 8913
93 36 3977
93 43 5307
93 44 6102
93 46 6430
93 50 5410
93 54 3303
93 58 8130
93 61 8121
93 66 4552
93 70 3675
93 72 7497
93 78 6166
93 79 5608
93 80 7042
93 82 8041
93 90 9170
93 98 3624
94 2 5327
94 7 9542
94 8 5575
94 9 7276
94 10 7889
94 11 6680
94 13 9383
94 19 3503
94 28 7043
94 40 4070
94 42 4888
94 44 5468
94 45 5764
94 46 7553
94 54 7238
94 56 7850
94 59 6392
94 74 6228
94 78 4386
94 79 9021
94 86 9131
94 91 5369
94 95 8950
94 98 7999
94 99 7811
95 2 3094
95 5 4379
95 6 4007
95 7 9948
95 11 7262
95 15 8114
95 16 5470
95 20 8317
95 23 8968
95 27 6585
95 30 9288
95 36 3521
95 37 4341
95 38 8081
95 39 3683
95 42 7655
95 44 4763
95 48 4765
95 51 5058
95 64 7484
95 67 3286
95 70 4611
95 75 8505
95 77 7120
95 80 7798
95 89 5871
95 94 8950
96 1 4708
96 11 9288
96 13 8977
96 21 4684
96 26 6398
96 33 3743
96 34 8652
96 39 8296
96 40 8220
96 42 6735
96 43 5293
96 53 6699
96 70 6714
96 73 4830
96 78 9307
96 80 6097
96 81 4579
96 84 9894
96 89 4900
96 91 5968
97 8 8108
97 10 6047
97 27 8029
97 29 3177
97 32 6260
97 33 3165
97 40 3570
97 44 7146
97 50 9164
97 58 6562
97 62 6463
97 63 5168
97 66 8503
97 69 9553
97 76 6830
97 78 8077
97 83 3960
97 84 5937
97 85 7954
97 89 5294
97 90 7882
97 92 7558
98 1 6710
98 9 8658
98 10 9296
98 11 8499
98 15 4266
98 16 4798
98 19 6975
98 21 7403
98 22 9756
98 29 4824
98 32 3421
98 34 7961
98 41 5773
98 47 7392
98 50 7525
98 51 8388
98 57 9967
98 59 7583
98 60 9361
98 67 5696
98 68 3600
98 70 3541
98 74 8481
98 76 7637
98 81 7358
98 82 5425
98 83 9874
98 85 7727
98 88 5433
98 93 3624
98 94 7999
98 99 6361
3 t 9585
13 t 5046
20 t 8524
24 t 4240
26 t 4126
30 t 5900
34 t 7609
37 t 6038
43 t 8214
47 t 9254
50 t 8743
53 t 4224
55 t 8837
56 t 4832
57 t 5026
58 t 6090
60 t 3405
61 t 5249
65 t 5232
73 t 5731
74 t 7614
78 t 6393
80 t 9438
81 t 5893
82 t 3833
84 t 7634
86 t 4576
89 t 6783
92 t 9472
94 t 7811
98 t 6361
