s 3 9278
s 8 7833
s 9 8800
s 11 9737
s 14 9311
s 16 8866
s 18 9111
s 20 7856
s 22 8628
s 23 8164
s 30 8859
s 34 9731
s 38 7546
s 39 7667
s 46 8032
s 51 7168
s 55 8909
s 60 9802
s 73 8866
s 79 8132
s 81 7400
s 84 8676
s 87 9881
s 90 7785
s 92 9082
s 95 9107
s 97 7587
s 99 9474
1 4 9511
1 7 8387
1 17 7997
1 19 7875
1 24 8882
1 25 7084
1 28 7838
1 41 7343
1 42 7034
1 43 7307
1 44 9627
1 45 9568
1 51 7134
1 74 8248
1 75 8301
1 79 9698
1 80 7356
1 84 8954
1 87 9282
1 91 9744
2 4 7223
2 7 7027
2 8 7373
2 12 8607
2 13 9992
2 14 8900
2 18 7622
2 22 7905
2 24 8435
2 34 8481
2 37 9271
2 43 9793
2 44 9326
2 50 7964
2 55 9661
2 56 9900
2 59 9158
2 66 9564
2 72 7657
2 73 9386
2 74 8488
2 77 9534
2 79 9713
2 80 8512
2 84 7358
2 88 9908
2 90 8964
2 92 7865
3 7 7002
3 8 7171
3 9 7292
3 16 7436
3 21 9393
3 28 9397
3 37 9603
3 46 7502
3 56 7648
3 61 9965
3 70 7133
3 73 7951
3 79 8689
3 82 7714
3 84 7393
3 85 8831
3 88 7839
3 90 9128
3 95 9622
3 96 8710
4 1 9511
4 2 7223
4 5 7294
4 7 9500
4 8 8674
4 10 9073
4 12 8099
4 14 7208
4 20 9343
4 25 9353
4 28 8765
4 29 8313
4 31 9883
4 32 8496
4 41 9458
4 43 7681
4 49 9505
4 59 7919
4 60 8330
4 61 9087
4 63 9813
4 65 8176
4 68 9007
4 71 9481
4 73 8696
4 83 8282
4 85 7188
4 86 7616
4 88 8190
4 95 7672
5 4 7294
5 7 9813
5 10 9893
5 11 8257
5 12 8229
5 13 7610
5 15 7078
5 16 8708
5 19 8276
5 24 9566
5 25 9101
5 26 9571
5 34 8821
5 36 8201
5 37 8305
5 44 9618
5 48 8503
5 51 7999
5 52 7278
5 53 9804
5 54 9530
5 61 7395
5 65 7730
5 68 7521
5 74 7437
5 78 9403
5 82 7756
5 85 7851
5 89 9305
5 90 9377
5 92 9637
5 94 8890
5 99 8674
6 11 8103
6 21 8640
6 22 8741
6 25 7362
6 33 8534
6 34 7949
6 37 8751
6 38 9640
6 40 9570
6 49 8205
6 50 9156
6 51 9780
6 52 9155
6 63 7896
6 66 8218
6 73 9170
6 78 8291
6 82 8453
6 87 7238
6 90 7992
6 96 7214
6 98 9025
7 1 8387
7 2 7027
7 3 7002
7 4 9500
7 5 9813
7 10 7339
7 12 9801
7 13 9043
7 14 8019
7 24 8133
7 26 9212
7 39 7707
7 42 9481
7 46 7835
7 51 8403
7 53 9941
7 57 7874
7 59 8116
7 61 8772
7 65 7481
7 66 8986
7 68 8708
7 73 7823
7 75 7196
7 79 9335
7 82 9409
7 83 9482
7 84 7543
7 88 8626
7 90 8591
7 93 8569
7 94 9672
7 95 9003
7 98 8386
7 99 8681
8 2 7373
8 3 7171
8 4 8674
8 19 9246
8 24 9999
8 28 7039
8 29 9353
8 31 8801
8 34 8456
8 35 7936
8 36 8285
8 42 9354
8 49 7836
8 52 9250
8 54 9023
8 60 8540
8 61 8149
8 63 8563
8 67 9345
8 73 7762
8 78 7246
8 86 9933
8 90 8076
8 97 8204
8 98 8156
9 3 7292
9 10 9864
9 26 9675
9 28 9967
9 34 7366
9 38 8936
9 39 8801
9 43 7652
9 44 7414
9 48 7150
9 49 9571
9 50 8790
9 51 8855
9 59 9050
9 61 7337
9 62 9216
9 69 8384
9 70 9076
9 71 7703
9 72 9978
9 73 7788
9 74 8746
9 81 7473
9 85 9552
9 86 7387
9 89 9117
9 93 9011
9 96 8462
9 99 8984
10 4 9073
10 5 9893
10 7 7339
10 9 9864
10 12 7613
10 15 9685
10 16 7994
10 19 7564
10 23 7084
10 24 7314
10 25 8550
10 32 7274
10 33 9950
10 35 7162
10 36 7200
10 38 8908
10 39 9060
10 40 8067
10 47 7802
10 53 8451
10 56 7743
10 58 8846
10 63 8650
10 68 8000
10 74 7548
10 76 8213
10 77 9088
10 82 7652
10 85 7014
10 87 7169
10 90 7099
10 93 7183
10 96 8167
10 98 7370
10 99 7916
11 5 8257
11 6 8103
11 15 9117
11 16 7789
11 21 7831
11 24 8577
11 27 8904
11 28 7065
11 33 7031
11 36 9744
11 38 7607
11 41 7366
11 51 7367
11 55 7790
11 58 7396
11 60 8405
11 70 9820
11 84 9407
11 87 7075
11 90 7766
11 94 7917
11 95 9077
11 97 7572
12 2 8607
12 4 8099
12 5 8229
12 7 9801
12 10 7613
12 19 9144
12 20 8892
12 24 7622
12 32 7725
12 35 9941
12 36 7141
12 38 9947
12 43 7310
12 44 8050
12 45 8090
12 55 9682
12 61 8755
12 63 9482
12 64 9408
12 68 7742
12 71 9392
12 73 7710
12 81 8719
12 82 9501
12 83 9487
12 84 8559
12 92 8912
12 95 8045
13 2 9992
13 5 7610
13 7 9043
13 18 8189
13 20 7974
13 23 8795
13 25 8276
13 27 9410
13 32 7654
13 33 8862
13 34 9045
13 35 9959
13 36 9817
13 39 8800
13 40 8805
13 41 9534
13 45 7670
13 46 9033
13 49 8157
13 53 7311
13 54 9526
13 55 7934
13 57 7816
13 63 9191
13 71 9504
13 74 9347
13 77 9262
13 79 9219
13 80 8060
13 83 8082
13 84 8625
13 88 9398
13 89 8254
14 2 8900
14 4 7208
14 7 8019
14 18 8329
14 20 7363
14 22 8281
14 23 9510
14 31 8038
14 36 9418
14 37 7020
14 38 7583
14 43 7525
14 44 9055
14 45 8689
14 46 9992
14 48 7355
14 49 7568
14 55 7284
14 62 8658
14 63 7577
14 65 9270
14 68 8167
14 69 7113
14 72 7379
14 73 9307
14 76 9942
14 79 7815
14 81 9780
14 82 7946
14 89 7579
14 96 9470
15 5 7078
15 10 9685
15 11 9117
15 27 9950
15 36 8386
15 43 7890
15 45 9032
15 48 7626
15 50 8577
15 51 7361
15 52 7866
15 56 9599
15 58 8849
15 64 8169
15 72 8148
15 73 9952
15 77 7487
15 80 7182
15 84 8990
15 85 7255
15 88 8412
15 91 9729
15 92 8001
15 93 7845
15 95 7732
15 97 8192
16 3 7436
16 5 8708
16 10 7994
16 11 7789
16 20 9511
16 21 9249
16 27 9464
16 33 9421
16 34 9333
16 43 9055
16 45 7027
16 51 7964
16 53 9659
16 59 7790
16 61 8696
16 64 8792
16 69 9042
16 77 8169
16 79 8028
16 81 9809
16 87 8519
16 89 9038
16 91 8282
16 93 8831
16 98 9338
17 1 7997
17 22 7528
17 29 8843
17 30 9688
17 31 8321
17 37 9375
17 40 9038
17 41 9435
17 53 9044
17 54 8442
17 60 8570
17 64 9808
17 73 8764
17 75 7059
17 77 7894
17 83 8041
17 85 8277
17 88 7384
17 91 7959
17 96 8619
18 2 7622
18 13 8189
18 14 8329
18 20 8091
18 24 9394
18 31 9839
18 33 9578
18 35 8044
18 41 9190
18 44 7595
18 48 7634
18 53 8397
18 55 9374
18 58 9994
18 61 8281
18 64 9700
18 65 9095
18 67 8937
18 69 9794
18 73 8870
18 75 7112
18 76 7680
18 81 9767
18 84 9929
18 87 7892
18 89 9774
18 91 8989
18 95 8808
19 1 7875
19 5 8276
19 8 9246
19 10 7564
19 12 9144
19 22 8583
19 24 7681
19 27 7473
19 28 8322
19 41 9333
19 45 7027
19 47 7493
19 49 9445
19 51 9548
19 53 7665
19 54 9103
19 73 7334
19 84 8011
19 86 9106
19 90 7480
19 91 8336
19 93 9062
19 94 9760
19 97 9470
20 4 9343
20 12 8892
20 13 7974
20 14 7363
20 16 9511
20 18 8091
20 22 8142
20 25 9697
20 27 9442
20 31 8342
20 32 7571
20 36 8083
20 37 7794
20 41 7711
20 42 9915
20 43 7435
20 44 9245
20 45 9605
20 47 8717
20 55 9886
20 58 9143
20 60 9672
20 61 8579
20 67 7439
20 73 8153
20 75 7651
20 76 9540
20 79 8872
20 81 7694
20 87 7821
20 90 7186
20 91 8340
20 94 9326
21 3 9393
21 6 8640
21 11 7831
21 16 9249
21 28 8107
21 33 7865
21 36 9148
21 38 9039
21 45 8921
21 49 7378
21 50 8498
21 54 7076
21 59 9406
21 61 8952
21 62 7448
21 68 9276
21 77 7730
21 80 8167
21 87 7686
21 91 9874
22 2 7905
22 6 8741
22 14 8281
22 17 7528
22 19 8583
22 20 8142
22 24 9227
22 25 9628
22 26 8479
22 29 9550
22 33 7633
22 35 8944
22 43 9821
22 46 9545
22 47 7259
22 55 9887
22 59 8254
22 62 9175
22 64 9240
22 65 8286
22 67 8348
22 69 8162
22 71 9207
22 75 9881
22 80 7136
22 81 8663
22 84 9197
22 85 7002
22 93 8475
22 94 7511
22 97 9346
23 10 7084
23 13 8795
23 14 9510
23 24 9620
23 26 7368
23 29 7435
23 31 9330
23 34 9232
23 35 8221
23 36 8249
23 39 9658
23 44 7641
23 46 9720
23 49 7446
23 52 8604
23 53 7991
23 58 8229
23 60 8648
23 63 7395
23 66 7497
23 68 9585
23 77 7842
23 78 9645
23 79 9862
23 84 9589
23 89 9097
23 95 8104
23 98 9875
24 1 8882
24 2 8435
24 5 9566
24 7 8133
24 8 9999
24 10 7314
24 11 8577
24 12 7622
24 18 9394
24 19 7681
24 22 9227
24 23 9620
24 29 8291
24 30 9665
24 32 7638
24 33 7624
24 36 9159
24 39 9067
24 40 9520
24 41 8750
24 44 7947
24 47 8671
24 50 9709
24 56 8847
24 57 9982
24 60 8836
24 63 7020
24 68 7285
24 69 9484
24 70 8686
24 77 7516
24 83 7470
24 90 7788
25 1 7084
25 4 9353
25 5 9101
25 6 7362
25 10 8550
25 13 8276
25 20 9697
25 22 9628
25 29 8182
25 33 9697
25 35 7653
25 37 7814
25 38 8770
25 39 7143
25 40 9873
25 42 9413
25 45 9886
25 49 9609
25 54 9101
25 61 7400
25 65 8942
25 66 7330
25 68 8263
25 77 9372
25 83 8223
25 84 9774
25 92 7918
25 97 9287
26 5 9571
26 7 9212
26 9 9675
26 22 8479
26 23 7368
26 27 8082
26 28 8441
26 30 9121
26 32 7943
26 33 9745
26 39 9945
26 41 9228
26 42 9315
26 44 8394
26 50 9354
26 58 9620
26 59 8541
26 60 9420
26 61 8958
26 63 8186
26 64 7030
26 65 7423
26 66 7888
26 68 8159
26 73 9161
26 76 9544
26 85 7864
26 88 8711
26 90 9028
26 92 9725
27 11 8904
27 13 9410
27 15 9950
27 16 9464
27 19 7473
27 20 9442
27 26 8082
27 32 9546
27 33 7539
27 36 8240
27 37 8969
27 41 9876
27 45 9760
27 53 8596
27 61 8052
27 62 9571
27 63 8655
27 68 8529
27 77 9626
27 82 7276
27 92 7022
27 99 7418
28 1 7838
28 3 9397
28 4 8765
28 8 7039
28 9 9967
28 11 7065
28 19 8322
28 21 8107
28 26 8441
28 30 9753
28 34 9481
28 44 7497
28 48 9273
28 52 8682
28 53 9773
28 56 7611
28 59 8532
28 62 7306
28 65 8040
28 66 7895
28 68 7860
28 70 8496
28 77 8909
28 79 7039
28 81 7847
28 82 8670
28 84 8540
28 89 8080
28 91 9894
28 93 7560
28 95 8741
28 98 9148
29 4 8313
29 8 9353
29 17 8843
29 22 9550
29 23 7435
29 24 8291
29 25 8182
29 31 8436
29 38 9635
29 39 9663
29 41 7563
29 42 7812
29 44 7060
29 49 7603
29 51 7608
29 55 9840
29 61 8028
29 63 7797
29 71 7589
29 73 7648
29 74 7980
29 76 9145
29 77 8160
29 81 7604
29 82 8052
29 90 9360
29 91 8006
29 93 8301
29 94 7854
29 98 9530
29 99 9246
30 17 9688
30 24 9665
30 26 9121
30 28 9753
30 31 9318
30 32 8342
30 36 7247
30 41 9347
30 46 7449
30 47 9460
30 52 7876
30 56 8112
30 61 8653
30 64 9122
30 67 8991
30 68 8587
30 69 9009
30 74 8732
30 79 8852
30 83 7916
30 85 9179
30 86 9141
30 87 8287
30 88 8651
30 90 9856
30 91 8111
30 95 7876
30 96 7658
31 4 9883
31 8 8801
31 14 8038
31 17 8321
31 18 9839
31 20 8342
31 23 9330
31 29 8436
31 30 9318
31 32 7359
31 34 8683
31 38 9705
31 42 8654
31 43 7253
31 47 7924
31 48 8752
31 49 7571
31 51 7246
31 52 8999
31 54 7247
31 61 7369
31 66 7171
31 76 9669
31 77 9000
31 79 9187
31 81 8421
31 82 8472
31 83 8352
31 85 9703
31 86 8133
31 89 8045
31 93 7183
32 4 8496
32 10 7274
32 12 7725
32 13 7654
32 20 7571
32 24 7638
32 26 7943
32 27 9546
32 30 8342
32 31 7359
32 33 7950
32 39 8959
32 41 8769
32 47 8727
32 54 7485
32 57 8689
32 61 8372
32 63 7549
32 64 9965
32 65 8706
32 66 8317
32 68 8763
32 70 8585
32 78 9857
32 79 7698
32 80 7402
32 84 8872
32 90 9681
32 92 9419
33 6 8534
33 10 9950
33 11 7031
33 13 8862
33 16 9421
33 18 9578
33 21 7865
33 22 7633
33 24 7624
33 25 9697
33 26 9745
33 27 7539
33 32 7950
33 39 9891
33 44 7852
33 45 8548
33 47 7451
33 53 9158
33 61 8878
33 63 9095
33 65 9217
33 67 9334
33 68 7633
33 70 7006
33 81 9342
33 86 7580
33 87 7828
33 88 7133
33 90 8620
33 91 7227
33 95 8538
33 99 8628
34 2 8481
34 5 8821
34 6 7949
34 8 8456
34 9 7366
34 13 9045
34 16 9333
34 23 9232
34 28 9481
34 31 8683
34 37 7313
34 41 8955
34 43 9706
34 45 7829
34 46 7910
34 47 8676
34 49 9843
34 50 9234
34 51 8626
34 58 7056
34 65 8447
34 68 8693
34 73 8906
34 85 8249
34 87 8618
34 89 8935
34 97 8313
35 8 7936
35 10 7162
35 12 9941
35 13 9959
35 18 8044
35 22 8944
35 23 8221
35 25 7653
35 44 9695
35 46 9514
35 49 9375
35 51 9882
35 52 7265
35 57 7467
35 65 7743
35 67 7900
35 68 9783
35 70 7492
35 73 8772
35 78 8523
35 79 7776
35 80 8594
35 81 9283
35 85 7068
35 94 8422
35 95 8862
35 96 7734
36 5 8201
36 8 8285
36 10 7200
36 11 9744
36 12 7141
36 13 9817
36 14 9418
36 15 8386
36 20 8083
36 21 9148
36 23 8249
36 24 9159
36 27 8240
36 30 7247
36 37 7654
36 41 7932
36 45 7183
36 46 8890
36 49 9813
36 50 9619
36 51 8215
36 59 7978
36 61 8366
36 70 8829
36 76 9106
36 77 9583
36 84 9929
36 90 9387
36 98 9272
37 2 9271
37 3 9603
37 5 8305
37 6 8751
37 14 7020
37 17 9375
37 20 7794
37 25 7814
37 27 8969
37 34 7313
37 36 7654
37 39 9081
37 49 8871
37 51 9343
37 52 7432
37 54 8130
37 55 8884
37 58 8947
37 69 8808
37 70 9179
37 73 8751
37 74 7690
37 75 9571
37 78 7863
37 81 8690
37 84 7127
37 91 9242
37 99 7687
38 6 9640
38 9 8936
38 10 8908
38 11 7607
38 12 9947
38 14 7583
38 21 9039
38 25 8770
38 29 9635
38 31 9705
38 40 7552
38 41 8863
38 44 9159
38 46 9517
38 48 9501
38 51 9445
38 54 8347
38 57 7083
38 61 8393
38 63 9230
38 66 8677
38 72 8927
38 82 9166
38 85 9611
38 87 7767
38 93 8291
38 94 9461
38 96 7688
38 98 7203
38 99 8146
39 7 7707
39 9 8801
39 10 9060
39 13 8800
39 23 9658
39 24 9067
39 25 7143
39 26 9945
39 29 9663
39 32 8959
39 33 9891
39 37 9081
39 52 7052
39 53 8116
39 54 7483
39 59 7642
39 61 9478
39 73 9956
39 77 9370
39 78 7211
39 79 9111
39 91 8541
39 96 7555
40 6 9570
40 10 8067
40 13 8805
40 17 9038
40 24 9520
40 25 9873
40 38 7552
40 45 8391
40 51 7874
40 54 9268
40 55 8041
40 58 9021
40 60 7242
40 62 8571
40 63 7236
40 64 7237
40 67 7987
40 68 7185
40 71 9602
40 81 9006
40 83 9611
40 91 8926
40 92 8268
41 1 7343
41 4 9458
41 11 7366
41 13 9534
41 17 9435
41 18 9190
41 19 9333
41 20 7711
41 24 8750
41 26 9228
41 27 9876
41 29 7563
41 30 9347
41 32 8769
41 34 8955
41 36 7932
41 38 8863
41 44 9801
41 49 8075
41 51 7335
41 53 9340
41 60 8022
41 61 8290
41 67 9891
41 72 7144
41 77 8219
41 81 9546
41 85 9017
41 87 9348
41 95 8208
42 1 7034
42 7 9481
42 8 9354
42 20 9915
42 25 9413
42 26 9315
42 29 7812
42 31 8654
42 45 9985
42 48 8217
42 56 9066
42 60 9725
42 61 8302
42 62 8595
42 70 7073
42 71 7153
42 73 8937
42 81 7965
42 82 7771
42 86 7350
42 87 9594
42 88 7810
42 90 8637
42 94 8028
42 95 8881
43 1 7307
43 2 9793
43 4 7681
43 9 7652
43 12 7310
43 14 7525
43 15 7890
43 16 9055
43 20 7435
43 22 9821
43 31 7253
43 34 9706
43 46 7650
43 51 7686
43 54 9926
43 57 8739
43 60 8786
43 64 7815
43 65 8274
43 68 9818
43 75 9380
43 76 9381
43 78 8559
43 82 7768
43 84 9400
43 85 7812
43 86 7542
43 89 8249
43 90 8506
43 92 7565
43 96 9259
44 1 9627
44 2 9326
44 5 9618
44 9 7414
44 12 8050
44 14 9055
44 18 7595
44 20 9245
44 23 7641
44 24 7947
44 26 8394
44 28 7497
44 29 7060
44 33 7852
44 35 9695
44 38 9159
44 41 9801
44 47 8244
44 48 8714
44 49 8168
44 51 7628
44 53 9120
44 54 9195
44 58 7935
44 67 9740
44 71 9570
44 76 7887
44 77 8762
44 79 9023
44 80 9244
44 82 7531
44 84 9051
44 88 9984
44 91 8584
44 93 7959
44 96 8868
44 99 7611
45 1 9568
45 12 8090
45 13 7670
45 14 8689
45 15 9032
45 16 7027
45 19 7027
45 20 9605
45 21 8921
45 25 9886
45 27 9760
45 33 8548
45 34 7829
45 36 7183
45 40 8391
45 42 9985
45 48 9530
45 50 7051
45 53 9940
45 54 9526
45 63 9825
45 73 8702
45 77 9686
45 80 8409
45 81 7814
45 82 7577
45 85 7447
45 87 9535
45 88 9810
45 90 8942
45 91 9793
45 92 7323
45 95 9518
45 97 7403
46 3 7502
46 7 7835
46 13 9033
46 14 9992
46 22 9545
46 23 9720
46 30 7449
46 34 7910
46 35 9514
46 36 8890
46 38 9517
46 43 7650
46 49 8793
46 50 8998
46 51 9625
46 52 9422
46 56 9380
46 57 8617
46 58 9813
46 59 7623
46 63 9863
46 69 7463
46 74 7439
46 78 8127
46 79 8738
46 80 9008
46 81 7122
46 86 7100
46 88 9227
47 10 7802
47 19 7493
47 20 8717
47 22 7259
47 24 8671
47 30 9460
47 31 7924
47 32 8727
47 33 7451
47 34 8676
47 44 8244
47 49 7311
47 50 9247
47 53 8992
47 56 8302
47 68 9141
47 82 8645
47 86 9115
47 87 8922
47 90 8419
47 91 9156
47 93 7334
47 99 7049
48 5 8503
48 9 7150
48 14 7355
48 15 7626
48 18 7634
48 28 9273
48 31 8752
48 38 9501
48 42 8217
48 44 8714
48 45 9530
48 50 7191
48 57 9670
48 60 9442
48 61 8595
48 62 8247
48 63 7951
48 64 9216
48 68 8860
48 71 7706
48 74 9234
48 75 7469
48 80 7313
48 82 7167
48 85 9154
48 86 9891
48 89 8303
48 91 7541
48 93 7487
48 94 7526
48 99 7834
49 4 9505
49 6 8205
49 8 7836
49 9 9571
49 13 8157
49 14 7568
49 19 9445
49 21 7378
49 23 7446
49 25 9609
49 29 7603
49 31 7571
49 34 9843
49 35 9375
49 36 9813
49 37 8871
49 41 8075
49 44 8168
49 46 8793
49 47 7311
49 51 9128
49 57 8319
49 58 7705
49 60 7593
49 61 9008
49 65 8646
49 66 8647
49 67 8064
49 68 7847
49 70 8690
49 84 8017
49 88 9272
49 95 9837
49 97 8439
49 98 7340
49 99 9111
50 2 7964
50 6 9156
50 9 8790
50 15 8577
50 21 8498
50 24 9709
50 26 9354
50 34 9234
50 36 9619
50 45 7051
50 46 8998
50 47 9247
50 48 7191
50 53 9631
50 56 9487
50 60 7867
50 63 9577
50 65 7452
50 71 7215
50 72 8928
50 74 9520
50 76 7110
50 77 8409
50 78 8289
50 80 9728
50 83 8018
50 85 9033
50 95 9648
51 1 7134
51 5 7999
51 6 9780
51 7 8403
51 9 8855
51 11 7367
51 15 7361
51 16 7964
51 19 9548
51 29 7608
51 31 7246
51 34 8626
51 35 9882
51 36 8215
51 37 9343
51 38 9445
51 40 7874
51 41 7335
51 43 7686
51 44 7628
51 46 9625
51 49 9128
51 62 7981
51 63 8406
51 81 9530
51 83 8878
51 88 8611
51 91 9452
51 99 8092
52 5 7278
52 6 9155
52 8 9250
52 15 7866
52 23 8604
52 28 8682
52 30 7876
52 31 8999
52 35 7265
52 37 7432
52 39 7052
52 46 9422
52 53 9390
52 62 9330
52 65 9038
52 66 9096
52 73 9339
52 85 7975
52 87 9029
52 89 7314
52 93 8324
52 94 8076
52 95 7073
52 96 7080
52 97 8101
53 5 9804
53 7 9941
53 10 8451
53 13 7311
53 16 9659
53 17 9044
53 18 8397
53 19 7665
53 23 7991
53 27 8596
53 28 9773
53 33 9158
53 39 8116
53 41 9340
53 44 9120
53 45 9940
53 47 8992
53 50 9631
53 52 9390
53 59 7047
53 67 8558
53 70 8756
53 72 8273
53 73 8004
53 78 7835
53 81 8584
53 85 9141
53 86 8548
53 89 7057
53 97 7981
53 98 7567
53 99 8650
54 5 9530
54 8 9023
54 13 9526
54 17 8442
54 19 9103
54 21 7076
54 25 9101
54 31 7247
54 32 7485
54 37 8130
54 38 8347
54 39 7483
54 40 9268
54 43 9926
54 44 9195
54 45 9526
54 56 9688
54 58 8742
54 59 9162
54 63 7867
54 68 8185
54 71 8503
54 72 9980
54 74 9802
54 75 9517
54 78 9118
54 79 8064
54 84 7160
54 87 7707
54 88 8620
54 89 9499
54 95 9474
55 2 9661
55 11 7790
55 12 9682
55 13 7934
55 14 7284
55 18 9374
55 20 9886
55 22 9887
55 29 9840
55 37 8884
55 40 8041
55 56 9984
55 59 8335
55 60 9448
55 72 8790
55 73 9079
55 78 7703
55 80 9703
55 81 7958
55 83 9140
55 86 8006
55 93 9395
56 2 9900
56 3 7648
56 10 7743
56 15 9599
56 24 8847
56 28 7611
56 30 8112
56 42 9066
56 46 9380
56 47 8302
56 50 9487
56 54 9688
56 55 9984
56 58 7303
56 59 9241
56 60 8813
56 61 7061
56 63 8008
56 64 7954
56 65 8342
56 67 8042
56 74 7724
56 75 8207
56 79 8835
56 80 7562
56 84 9429
56 87 9182
56 89 8086
56 93 9666
56 95 7399
56 96 8752
56 98 7046
57 7 7874
57 13 7816
57 24 9982
57 32 8689
57 35 7467
57 38 7083
57 43 8739
57 46 8617
57 48 9670
57 49 8319
57 60 8788
57 62 9707
57 63 9255
57 65 9579
57 72 8131
57 74 9855
57 78 9968
57 85 8799
57 86 8452
57 90 7024
57 91 8666
57 97 9497
57 99 8620
58 10 8846
58 11 7396
58 15 8849
58 18 9994
58 20 9143
58 23 8229
58 26 9620
58 34 7056
58 37 8947
58 40 9021
58 44 7935
58 46 9813
58 49 7705
58 54 8742
58 56 7303
58 69 8820
58 74 9850
58 78 7381
58 96 9700
58 97 7878
58 99 7165
59 2 9158
59 4 7919
59 7 8116
59 9 9050
59 16 7790
59 21 9406
59 22 8254
59 26 8541
59 28 8532
59 36 7978
59 39 7642
59 46 7623
59 53 7047
59 54 9162
59 55 8335
59 56 9241
59 60 7273
59 69 9786
59 74 7975
59 77 7042
59 78 7116
59 79 7656
59 80 7891
59 82 9295
59 84 7067
59 89 9711
59 90 7734
59 92 7378
59 96 7252
59 98 9746
60 4 8330
60 8 8540
60 11 8405
60 17 8570
60 20 9672
60 23 8648
60 24 8836
60 26 9420
60 40 7242
60 41 8022
60 42 9725
60 43 8786
60 48 9442
60 49 7593
60 50 7867
60 55 9448
60 56 8813
60 57 8788
60 59 7273
60 62 7243
60 63 9591
60 66 8668
60 68 9773
60 69 8699
60 71 8974
60 77 8256
60 79 9789
60 80 8334
60 85 8552
60 89 8822
60 93 9573
60 94 8924
60 95 7428
61 3 9965
61 4 9087
61 5 7395
61 7 8772
61 8 8149
61 9 7337
61 12 8755
61 16 8696
61 18 8281
61 20 8579
61 21 8952
61 25 7400
61 26 8958
61 27 8052
61 29 8028
61 30 8653
61 31 7369
61 32 8372
61 33 8878
61 36 8366
61 38 8393
61 39 9478
61 41 8290
61 42 8302
61 48 8595
61 49 9008
61 56 7061
61 62 7549
61 68 8685
61 70 9512
61 72 8178
61 74 7861
61 78 7334
61 87 7531
61 90 7032
61 96 8924
61 99 7119
62 9 9216
62 14 8658
62 21 7448
62 22 9175
62 27 9571
62 28 7306
62 40 8571
62 42 8595
62 48 8247
62 51 7981
62 52 9330
62 57 9707
62 60 7243
62 61 7549
62 63 8341
62 64 8175
62 65 8408
62 66 7781
62 67 8731
62 69 8786
62 74 8154
62 77 7711
62 78 8612
62 82 8005
62 84 8667
62 96 7249
62 97 7727
63 4 9813
63 6 7896
63 8 8563
63 10 8650
63 12 9482
63 13 9191
63 14 7577
63 23 7395
63 24 7020
63 26 8186
63 27 8655
63 29 7797
63 32 7549
63 33 9095
63 38 9230
63 40 7236
63 45 9825
63 46 9863
63 48 7951
63 50 9577
63 51 8406
63 54 7867
63 56 8008
63 57 9255
63 60 9591
63 62 8341
63 64 8434
63 71 8783
63 73 7244
63 75 7768
63 76 9080
63 84 9994
63 88 9943
63 89 9269
63 91 7355
63 93 8913
63 95 7028
63 97 7005
63 98 7199
64 12 9408
64 15 8169
64 16 8792
64 17 9808
64 18 9700
64 22 9240
64 26 7030
64 30 9122
64 32 9965
64 40 7237
64 43 7815
64 48 9216
64 56 7954
64 62 8175
64 63 8434
64 72 7086
64 73 8861
64 74 8730
64 77 9737
64 85 7262
64 91 8128
64 94 7274
65 4 8176
65 5 7730
65 7 7481
65 14 9270
65 18 9095
65 22 8286
65 25 8942
65 26 7423
65 28 8040
65 32 8706
65 33 9217
65 34 8447
65 35 7743
65 43 8274
65 49 8646
65 50 7452
65 52 9038
65 56 8342
65 57 9579
65 62 8408
65 70 9832
65 71 7891
65 72 8108
65 73 8480
65 86 8557
65 93 9338
65 95 9896
65 96 8216
65 97 9442
65 98 7345
65 99 8866
66 2 9564
66 6 8218
66 7 8986
66 23 7497
66 25 7330
66 26 7888
66 28 7895
66 31 7171
66 32 8317
66 38 8677
66 49 8647
66 52 9096
66 60 8668
66 62 7781
66 70 7508
66 71 9974
66 72 7562
66 73 7521
66 80 9212
66 81 9558
66 82 8275
66 93 8468
66 95 9524
66 96 7737
66 98 7100
67 8 9345
67 18 8937
67 20 7439
67 22 8348
67 30 8991
67 33 9334
67 35 7900
67 40 7987
67 41 9891
67 44 9740
67 49 8064
67 53 8558
67 56 8042
67 62 8731
67 70 9849
67 72 7295
67 76 9471
67 82 7965
67 83 7918
67 84 9481
67 86 8279
67 88 7098
67 89 7319
67 93 7064
67 94 7218
67 98 7281
68 4 9007
68 5 7521
68 7 8708
68 10 8000
68 12 7742
68 14 8167
68 21 9276
68 23 9585
68 24 7285
68 25 8263
68 26 8159
68 27 8529
68 28 7860
68 30 8587
68 32 8763
68 33 7633
68 34 8693
68 35 9783
68 40 7185
68 43 9818
68 47 9141
68 48 8860
68 49 7847
68 54 8185
68 60 9773
68 61 8685
68 69 7643
68 72 8335
68 79 8812
69 9 8384
69 14 7113
69 16 9042
69 18 9794
69 22 8162
69 24 9484
69 30 9009
69 37 8808
69 46 7463
69 58 8820
69 59 9786
69 60 8699
69 62 8786
69 68 7643
69 73 7335
69 82 9057
69 87 8919
69 93 9656
69 95 8316
69 96 9427
69 97 9049
69 98 7318
69 99 7640
70 3 7133
70 9 9076
70 11 9820
70 24 8686
70 28 8496
70 32 8585
70 33 7006
70 35 7492
70 36 8829
70 37 9179
70 42 7073
70 49 8690
70 53 8756
70 61 9512
70 65 9832
70 66 7508
70 67 9849
70 72 7718
70 75 8895
70 85 9836
70 86 9524
70 95 8942
70 97 9812
71 4 9481
71 9 7703
71 12 9392
71 13 9504
71 22 9207
71 29 7589
71 40 9602
71 42 7153
71 44 9570
71 48 7706
71 50 7215
71 54 8503
71 60 8974
71 63 8783
71 65 7891
71 66 9974
71 72 9944
71 73 8951
71 76 8763
71 78 8730
71 80 9196
71 81 7933
71 84 9401
71 85 7879
71 87 7428
71 94 9914
72 2 7657
72 9 9978
72 14 7379
72 15 8148
72 38 8927
72 41 7144
72 50 8928
72 53 8273
72 54 9980
72 55 8790
72 57 8131
72 61 8178
72 64 7086
72 65 8108
72 66 7562
72 67 7295
72 68 8335
72 70 7718
72 71 9944
72 73 7984
72 75 7760
72 83 7923
72 90 9666
72 93 8814
72 95 9848
73 2 9386
73 3 7951
73 4 8696
73 6 9170
73 7 7823
73 8 7762
73 9 7788
73 12 7710
73 14 9307
73 15 9952
73 17 8764
73 18 8870
73 19 7334
73 20 8153
73 26 9161
73 29 7648
73 34 8906
73 35 8772
73 37 8751
73 39 9956
73 42 8937
73 45 8702
73 52 9339
73 53 8004
73 55 9079
73 63 7244
73 64 8861
73 65 8480
73 66 7521
73 69 7335
73 71 8951
73 72 7984
73 74 9394
73 75 8933
73 82 8446
73 84 9291
73 87 9750
74 1 8248
74 2 8488
74 5 7437
74 9 8746
74 10 7548
74 13 9347
74 29 7980
74 30 8732
74 37 7690
74 46 7439
74 48 9234
74 50 9520
74 54 9802
74 56 7724
74 57 9855
74 58 9850
74 59 7975
74 61 7861
74 62 8154
74 64 8730
74 73 9394
74 75 9684
74 76 8849
74 84 8215
74 85 7367
74 87 9209
74 90 9669
74 91 9754
75 1 8301
75 7 7196
75 17 7059
75 18 7112
75 20 7651
75 22 9881
75 37 9571
75 43 9380
75 48 7469
75 54 9517
75 56 8207
75 63 7768
75 70 8895
75 72 7760
75 73 8933
75 74 9684
75 82 9969
75 90 7694
75 92 7196
75 94 9044
75 96 7790
76 10 8213
76 14 9942
76 18 7680
76 20 9540
76 26 9544
76 29 9145
76 31 9669
76 36 9106
76 43 9381
76 44 7887
76 50 7110
76 63 9080
76 67 9471
76 71 8763
76 74 8849
76 84 8529
76 85 9939
76 87 9656
76 91 9242
76 95 7745
76 96 7997
76 98 7242
77 2 9534
77 10 9088
77 13 9262
77 15 7487
77 16 8169
77 17 7894
77 21 7730
77 23 7842
77 24 7516
77 25 9372
77 27 9626
77 28 8909
77 29 8160
77 31 9000
77 36 9583
77 39 9370
77 41 8219
77 44 8762
77 45 9686
77 50 8409
77 59 7042
77 60 8256
77 62 7711
77 64 9737
77 82 9936
77 84 7164
77 87 9366
77 88 9199
77 89 9900
77 90 9825
77 95 9719
77 96 9539
78 5 9403
78 6 8291
78 8 7246
78 23 9645
78 32 9857
78 35 8523
78 37 7863
78 39 7211
78 43 8559
78 46 8127
78 50 8289
78 53 7835
78 54 9118
78 55 7703
78 57 9968
78 58 7381
78 59 7116
78 61 7334
78 62 8612
78 71 8730
78 80 9635
78 81 7858
78 82 8017
78 83 9765
78 84 9364
78 87 7342
78 89 9648
78 90 8419
78 93 9176
78 94 8424
78 98 9243
79 1 9698
79 2 9713
79 3 8689
79 7 9335
79 13 9219
79 14 7815
79 16 8028
79 20 8872
79 23 9862
79 28 7039
79 30 8852
79 31 9187
79 32 7698
79 35 7776
79 39 9111
79 44 9023
79 46 8738
79 54 8064
79 56 8835
79 59 7656
79 60 9789
79 68 8812
79 80 9061
79 86 7496
79 88 7375
79 92 9669
79 93 7440
80 1 7356
80 2 8512
80 13 8060
80 15 7182
80 21 8167
80 22 7136
80 32 7402
80 35 8594
80 44 9244
80 45 8409
80 46 9008
80 48 7313
80 50 9728
80 55 9703
80 56 7562
80 59 7891
80 60 8334
80 66 9212
80 71 9196
80 78 9635
80 79 9061
80 81 8401
80 82 9330
80 87 9613
80 90 9297
80 92 7241
80 96 7259
81 9 7473
81 12 8719
81 14 9780
81 16 9809
81 18 9767
81 20 7694
81 22 8663
81 28 7847
81 29 7604
81 31 8421
81 33 9342
81 35 9283
81 37 8690
81 40 9006
81 41 9546
81 42 7965
81 45 7814
81 46 7122
81 51 9530
81 53 8584
81 55 7958
81 66 9558
81 71 7933
81 78 7858
81 80 8401
81 82 7169
81 83 9156
81 90 8357
81 91 8664
81 95 9106
82 3 7714
82 5 7756
82 6 8453
82 7 9409
82 10 7652
82 12 9501
82 14 7946
82 27 7276
82 28 8670
82 29 8052
82 31 8472
82 38 9166
82 42 7771
82 43 7768
82 44 7531
82 45 7577
82 47 8645
82 48 7167
82 59 9295
82 62 8005
82 66 8275
82 67 7965
82 69 9057
82 73 8446
82 75 9969
82 77 9936
82 78 8017
82 80 9330
82 81 7169
82 84 8318
82 86 8810
82 87 7666
82 88 9348
82 89 8488
82 92 8045
82 93 7346
82 95 9058
82 97 9470
83 4 8282
83 7 9482
83 12 9487
83 13 8082
83 17 8041
83 24 7470
83 25 8223
83 30 7916
83 31 8352
83 40 9611
83 50 8018
83 51 8878
83 55 9140
83 67 7918
83 72 7923
83 78 9765
83 81 9156
83 84 8592
83 87 8530
83 91 9322
83 96 9753
83 97 7556
83 99 7166
84 1 8954
84 2 7358
84 3 7393
84 7 7543
84 11 9407
84 12 8559
84 13 8625
84 15 8990
84 18 9929
84 19 8011
84 22 9197
84 23 9589
84 25 9774
84 28 8540
84 32 8872
84 36 9929
84 37 7127
84 43 9400
84 44 9051
84 49 8017
84 54 7160
84 56 9429
84 59 7067
84 62 8667
84 63 9994
84 67 9481
84 71 9401
84 73 9291
84 74 8215
84 76 8529
84 77 7164
84 78 9364
84 82 8318
84 83 8592
84 92 9009
84 95 7358
84 97 8491
84 99 8046
85 3 8831
85 4 7188
85 5 7851
85 9 9552
85 10 7014
85 15 7255
85 17 8277
85 22 7002
85 26 7864
85 30 9179
85 31 9703
85 34 8249
85 35 7068
85 38 9611
85 41 9017
85 43 7812
85 45 7447
85 48 9154
85 50 9033
85 52 7975
85 53 9141
85 57 8799
85 60 8552
85 64 7262
85 70 9836
85 71 7879
85 74 7367
85 76 9939
85 87 7694
85 89 8376
85 91 7221
85 97 9496
86 4 7616
86 8 9933
86 9 7387
86 19 9106
86 30 9141
86 31 8133
86 33 7580
86 42 7350
86 43 7542
86 46 7100
86 47 9115
86 48 9891
86 53 8548
86 55 8006
86 57 8452
86 65 8557
86 67 8279
86 70 9524
86 79 7496
86 82 8810
86 88 7777
86 92 9228
86 98 8807
87 1 9282
87 6 7238
87 10 7169
87 11 7075
87 16 8519
87 18 7892
87 20 7821
87 21 7686
87 30 8287
87 33 7828
87 34 8618
87 38 7767
87 41 9348
87 42 9594
87 45 9535
87 47 8922
87 52 9029
87 54 7707
87 56 9182
87 61 7531
87 69 8919
87 71 7428
87 73 9750
87 74 9209
87 76 9656
87 77 9366
87 78 7342
87 80 9613
87 82 7666
87 83 8530
87 85 7694
87 89 9413
87 91 9751
87 93 9509
87 94 9194
87 98 8146
88 2 9908
88 3 7839
88 4 8190
88 7 8626
88 13 9398
88 15 8412
88 17 7384
88 26 8711
88 30 8651
88 33 7133
88 42 7810
88 44 9984
88 45 9810
88 46 9227
88 49 9272
88 51 8611
88 54 8620
88 63 9943
88 67 7098
88 77 9199
88 79 7375
88 82 9348
88 86 7777
88 94 8632
88 95 9112
88 98 8104
89 5 9305
89 9 9117
89 13 8254
89 14 7579
89 16 9038
89 18 9774
89 23 9097
89 28 8080
89 31 8045
89 34 8935
89 43 8249
89 48 8303
89 52 7314
89 53 7057
89 54 9499
89 56 8086
89 59 9711
89 60 8822
89 63 9269
89 67 7319
89 77 9900
89 78 9648
89 82 8488
89 85 8376
89 87 9413
89 94 9408
89 97 7498
89 98 7463
89 99 8797
90 2 8964
90 3 9128
90 5 9377
90 6 7992
90 7 8591
90 8 8076
90 10 7099
90 11 7766
90 19 7480
90 20 7186
90 24 7788
90 26 9028
90 29 9360
90 30 9856
90 32 9681
90 33 8620
90 36 9387
90 42 8637
90 43 8506
90 45 8942
90 47 8419
90 57 7024
90 59 7734
90 61 7032
90 72 9666
90 74 9669
90 75 7694
90 77 9825
90 78 8419
90 80 9297
90 81 8357
90 91 7188
90 95 7709
90 96 9150
91 1 9744
91 15 9729
91 16 8282
91 17 7959
91 18 8989
91 19 8336
91 20 8340
91 21 9874
91 28 9894
91 29 8006
91 30 8111
91 33 7227
91 37 9242
91 39 8541
91 40 8926
91 44 8584
91 45 9793
91 47 9156
91 48 7541
91 51 9452
91 57 8666
91 63 7355
91 64 8128
91 74 9754
91 76 9242
91 81 8664
91 83 9322
91 85 7221
91 87 9751
91 90 7188
91 97 8261
92 2 7865
92 5 9637
92 12 8912
92 15 8001
92 25 7918
92 26 9725
92 27 7022
92 32 9419
92 40 8268
92 43 7565
92 45 7323
92 59 7378
92 75 7196
92 79 9669
92 80 7241
92 82 8045
92 84 9009
92 86 9228
93 7 8569
93 9 9011
93 10 7183
93 15 7845
93 16 8831
93 19 9062
93 22 8475
93 28 7560
93 29 8301
93 31 7183
93 38 8291
93 44 7959
93 47 7334
93 48 7487
93 52 8324
93 55 9395
93 56 9666
93 60 9573
93 63 8913
93 65 9338
93 66 8468
93 67 7064
93 69 9656
93 72 8814
93 78 9176
93 79 7440
93 82 7346
93 87 9509
93 96 9800
93 97 7339
94 5 8890
94 7 9672
94 11 7917
94 19 9760
94 20 9326
94 22 7511
94 29 7854
94 35 8422
94 38 9461
94 42 8028
94 48 7526
94 52 8076
94 60 8924
94 64 7274
94 67 7218
94 71 9914
94 75 9044
94 78 8424
94 87 9194
94 88 8632
94 89 9408
94 95 7090
94 96 8424
94 99 8166
95 3 9622
95 4 7672
95 7 9003
95 11 9077
95 12 8045
95 15 7732
95 18 8808
95 23 8104
95 28 8741
95 30 7876
95 33 8538
95 35 8862
95 41 8208
95 42 8881
95 45 9518
95 49 9837
95 50 9648
95 52 7073
95 54 9474
95 56 7399
95 60 7428
95 63 7028
95 65 9896
95 66 9524
95 69 8316
95 70 8942
95 72 9848
95 76 7745
95 77 9719
95 81 9106
95 82 9058
95 84 7358
95 88 9112
95 90 7709
95 94 7090
95 96 9508
96 3 8710
96 6 7214
96 9 8462
96 10 8167
96 14 9470
96 17 8619
96 30 7658
96 35 7734
96 38 7688
96 39 7555
96 43 9259
96 44 8868
96 52 7080
96 56 8752
96 58 9700
96 59 7252
96 61 8924
96 62 7249
96 65 8216
96 66 7737
96 69 9427
96 75 7790
96 76 7997
96 77 9539
96 80 7259
96 83 9753
96 90 9150
96 93 9800
96 94 8424
96 95 9508
97 8 8204
97 11 7572
97 15 8192
97 19 9470
97 22 9346
97 25 9287
97 34 8313
97 45 7403
97 49 8439
97 52 8101
97 53 7981
97 57 9497
97 58 7878
97 62 7727
97 63 7005
97 65 9442
97 69 9049
97 70 9812
97 82 9470
97 83 7556
97 84 8491
97 85 9496
97 89 7498
97 91 8261
97 93 7339
98 6 9025
98 7 8386
98 8 8156
98 10 7370
98 16 9338
98 23 9875
98 28 9148
98 29 9530
98 36 9272
98 38 7203
98 49 7340
98 53 7567
98 56 7046
98 59 9746
98 63 7199
98 65 7345
98 66 7100
98 67 7281
98 69 7318
98 76 7242
98 78 9243
98 86 8807
98 87 8146
98 88 8104
98 89 7463
98 99 9727
5 t 8674
7 t 8681
9 t 8984
10 t 7916
27 t 7418
29 t 9246
33 t 8628
37 t 7687
38 t 8146
44 t 7611
47 t 7049
48 t 7834
49 t 9111
51 t 8092
53 t 8650
57 t 8620
58 t 7165
61 t 7119
65 t 8866
69 t 7640
83 t 7166
84 t 8046
89 t 8797
94 t 8166
98 t 9727
