s 1 8140
s 2 5672
s 3 8090
s 5 9697
s 7 8604
s 11 5894
s 13 8609
s 14 7594
s 15 8026
s 17 9270
s 24 8889
s 25 9168
s 29 8603
s 30 7305
s 33 9022
s 36 8679
s 38 5559
s 41 5568
s 43 8183
s 44 6783
s 51 6581
s 54 8609
s 55 9673
s 60 8899
s 71 7039
s 74 5155
s 84 6443
s 87 8977
s 97 8928
1 2 9140
1 12 9327
1 13 7747
1 19 5460
1 21 6357
1 23 6315
1 24 5017
1 29 5331
1 31 5411
1 37 8329
1 38 8271
1 40 5033
1 41 7702
1 43 8608
1 44 5676
1 48 8174
1 51 8644
1 54 9947
1 57 9256
1 65 6736
1 68 7230
1 69 6662
1 73 7240
1 75 8659
1 81 8266
1 84 6326
1 86 9839
1 97 8170
1 98 5077
2 1 9140
2 4 7919
2 9 8987
2 11 6333
2 12 7220
2 23 5052
2 25 9528
2 27 8757
2 40 9036
2 41 7651
2 44 5896
2 46 9097
2 49 9334
2 52 9480
2 56 6237
2 69 8460
2 72 9100
2 76 6650
2 77 5359
2 78 7939
2 84 9305
2 85 8775
2 91 7956
2 93 8544
2 99 8646
3 6 8282
3 7 8833
3 9 6245
3 12 7993
3 16 8868
3 18 7670
3 21 8506
3 24 8926
3 25 6754
3 27 9342
3 35 7780
3 40 6962
3 41 8655
3 42 7764
3 44 5626
3 45 9179
3 47 9891
3 50 5652
3 53 8078
3 54 9771
3 57 5122
3 64 6604
3 69 5004
3 71 9753
3 74 5133
3 78 9758
3 80 5309
3 81 9978
3 85 9849
3 88 8209
3 89 7153
3 93 8654
3 96 8382
3 97 8703
3 99 7675
4 2 7919
4 5 8250
4 8 9215
4 9 5492
4 17 6066
4 20 6783
4 26 7943
4 27 5352
4 28 8367
4 29 7655
4 39 7404
4 40 9504
4 44 7445
4 45 9186
4 47 7385
4 48 9045
4 50 8537
4 52 6412
4 54 9771
4 56 9876
4 61 7834
4 65 9038
4 66 6743
4 70 7284
4 74 5868
4 75 7159
4 78 7994
4 80 8772
4 92 5750
4 93 8293
4 97 9617
4 99 5077
5 4 8250
5 10 7905
5 11 8365
5 14 7903
5 16 7920
5 18 9405
5 27 6568
5 33 8515
5 35 6931
5 39 8293
5 43 8436
5 47 8704
5 49 6217
5 50 9532
5 55 8335
5 58 5008
5 60 6219
5 67 6492
5 78 5551
5 80 9475
5 83 8981
5 84 9628
5 87 8654
5 88 8658
5 95 8533
5 97 6217
6 3 8282
6 9 8318
6 11 8051
6 12 7241
6 13 5271
6 18 8543
6 26 7019
6 31 6509
6 32 8902
6 34 5120
6 36 8177
6 37 8511
6 39 7169
6 46 7640
6 51 5902
6 52 6294
6 56 9862
6 65 6269
6 67 6666
6 68 7481
6 71 9183
6 72 5870
6 75 6323
6 76 6496
6 78 9390
6 79 7864
6 81 6697
6 88 8361
6 91 6255
6 97 5519
7 3 8833
7 8 7942
7 11 7787
7 27 9133
7 28 6550
7 31 8037
7 43 6056
7 52 7458
7 59 7795
7 61 6269
7 65 7536
7 66 7575
7 67 6519
7 69 6060
7 80 8297
7 81 7707
7 82 6265
7 83 8330
7 84 5725
7 85 5020
7 86 8975
7 87 8623
7 91 5836
7 93 7784
7 94 6929
7 97 7369
7 99 5790
8 4 9215
8 7 7942
8 10 5902
8 15 5406
8 17 5748
8 18 5825
8 21 7404
8 22 7494
8 26 7376
8 27 9218
8 30 5078
8 36 7889
8 44 6494
8 46 5619
8 50 8599
8 51 8889
8 52 9044
8 61 7855
8 62 9319
8 64 9588
8 67 7755
8 75 8259
8 76 9961
8 78 9796
8 82 7333
8 92 8314
8 97 5561
9 2 8987
9 3 6245
9 4 5492
9 6 8318
9 10 6540
9 19 6552
9 24 6260
9 25 9514
9 26 9557
9 29 6819
9 33 6694
9 34 8893
9 35 8505
9 41 6506
9 43 5051
9 44 8695
9 51 8365
9 53 6791
9 57 8174
9 59 8178
9 60 9669
9 61 6744
9 62 8335
9 66 9721
9 73 9406
9 74 8331
9 80 6049
9 86 6696
9 87 8489
9 89 9765
9 95 9438
10 5 7905
10 8 5902
10 9 6540
10 12 7889
10 13 8409
10 15 9735
10 17 7984
10 19 5894
10 22 5696
10 23 9487
10 29 8613
10 31 7141
10 36 8074
10 41 5458
10 47 7155
10 50 5767
10 55 9150
10 59 6494
10 66 5762
10 71 8886
10 74 5434
10 76 9685
10 80 6868
10 89 6155
10 93 5861
11 2 6333
11 5 8365
11 6 8051
11 7 7787
11 12 6785
11 16 9858
11 17 9595
11 24 8876
11 27 7335
11 30 6188
11 32 5487
11 33 6653
11 38 5952
11 39 5138
11 44 6197
11 54 7535
11 60 8088
11 61 6913
11 62 8033
11 63 6419
11 72 7392
11 73 8768
11 76 9196
11 77 8523
11 81 9880
11 86 5530
11 87 8790
11 88 5492
11 91 5048
11 94 8703
12 1 9327
12 2 7220
12 3 7993
12 6 7241
12 10 7889
12 11 6785
12 15 5085
12 23 6152
12 25 7084
12 27 5110
12 28 8501
12 29 5305
12 34 5287
12 38 7606
12 46 6389
12 49 6522
12 50 7277
12 52 6419
12 56 6434
12 59 5548
12 66 7655
12 67 8464
12 69 8643
12 74 7132
12 81 5240
12 85 5346
12 86 8467
12 87 7915
12 97 8711
13 1 7747
13 6 5271
13 10 8409
13 18 8897
13 19 5635
13 20 9395
13 24 8753
13 26 8568
13 29 6142
13 33 9695
13 38 6204
13 39 5462
13 52 5464
13 54 8256
13 57 5932
13 67 5965
13 71 5461
13 72 8052
13 73 5867
13 76 6872
13 82 5095
13 83 7460
13 89 8821
13 96 9102
13 99 6209
14 5 7903
14 24 9495
14 25 7974
14 32 7662
14 33 5672
14 37 9303
14 38 8611
14 39 8361
14 40 6470
14 41 7985
14 50 7065
14 54 9248
14 59 8333
14 62 8983
14 75 6472
14 77 7317
14 81 7934
14 82 6861
14 83 8792
14 86 8750
14 91 5066
14 92 8097
14 99 5466
15 8 5406
15 10 9735
15 12 5085
15 22 9609
15 26 5409
15 28 5709
15 33 9278
15 41 5826
15 42 6503
15 43 9991
15 45 7483
15 51 7430
15 53 7653
15 55 7987
15 58 7127
15 64 5262
15 66 7278
15 73 7202
15 76 8201
15 79 7470
15 85 7219
15 90 6933
15 92 7312
15 95 8317
15 97 6490
16 3 8868
16 5 7920
16 11 9858
16 18 6054
16 20 5854
16 25 5281
16 31 9965
16 35 5128
16 39 7524
16 40 7423
16 46 6709
16 48 7302
16 49 5163
16 57 9934
16 63 8604
16 66 5583
16 69 9156
16 72 6656
16 75 9655
16 77 6701
16 78 7395
16 79 7035
16 82 9145
16 86 6619
16 90 8459
16 98 9592
17 4 6066
17 8 5748
17 10 7984
17 11 9595
17 18 8623
17 19 7690
17 22 9899
17 23 6483
17 24 6549
17 27 7689
17 28 8373
17 33 7324
17 35 7968
17 36 6190
17 37 8771
17 38 7114
17 43 7682
17 49 6437
17 55 6644
17 61 8367
17 62 7011
17 63 8952
17 66 8089
17 67 7668
17 69 7155
17 85 6502
17 87 6586
17 88 9966
17 89 5926
17 92 7869
17 93 7650
17 96 5959
17 99 5259
18 3 7670
18 5 9405
18 6 8543
18 8 5825
18 13 8897
18 16 6054
18 17 8623
18 28 6757
18 33 8591
18 37 6652
18 39 9795
18 42 8532
18 43 7054
18 47 6946
18 48 6400
18 52 9772
18 55 5281
18 63 5063
18 64 8704
18 68 7044
18 74 7152
18 78 7114
18 81 5581
18 82 8141
18 86 9974
18 88 9017
18 90 9097
18 98 6434
19 1 5460
19 9 6552
19 10 5894
19 13 5635
19 17 7690
19 23 6078
19 31 6587
19 34 8211
19 35 6827
19 36 7723
19 37 6975
19 41 7153
19 42 8513
19 44 6287
19 49 9193
19 60 7013
19 63 9633
19 64 9255
19 70 6754
19 83 6789
19 91 6898
19 95 9230
19 96 5074
20 4 6783
20 13 9395
20 16 5854
20 23 7939
20 28 7667
20 33 6651
20 37 5897
20 49 9808
20 50 5180
20 54 6187
20 56 9307
20 59 6017
20 60 8698
20 63 8639
20 65 9136
20 67 9732
20 79 9772
20 81 8851
20 86 7767
20 91 8830
21 1 6357
21 3 8506
21 8 7404
21 23 9939
21 26 6837
21 27 7178
21 35 7957
21 36 7303
21 39 9700
21 41 9137
21 46 7527
21 49 8999
21 50 5091
21 54 6162
21 59 6179
21 60 9634
21 64 7924
21 66 8497
21 69 8979
21 70 9888
21 73 9491
21 81 5316
21 83 5255
21 86 9338
21 89 5337
21 90 9362
21 96 7135
22 8 7494
22 10 5696
22 15 9609
22 17 9899
22 24 8495
22 26 9401
22 29 9470
22 31 9466
22 35 5011
22 38 5484
22 45 6998
22 47 6367
22 53 9424
22 54 9403
22 55 9990
22 58 9042
22 62 5929
22 64 8611
22 66 6126
22 67 6166
22 68 7600
22 69 6235
22 70 9747
22 75 6953
22 82 6638
22 83 5413
22 88 7802
22 89 7882
22 90 5921
22 91 6299
22 95 6556
23 1 6315
23 2 5052
23 10 9487
23 12 6152
23 17 6483
23 19 6078
23 20 7939
23 21 9939
23 27 7520
23 31 6201
23 33 6119
23 40 6422
23 47 7427
23 48 9427
23 52 6729
23 53 8049
23 59 6122
23 61 6037
23 72 5815
23 76 9996
23 78 6570
23 87 9843
23 88 8866
23 89 9260
23 91 5373
23 93 9402
23 94 5320
23 95 6078
23 96 9840
23 97 9636
24 1 5017
24 3 8926
24 9 6260
24 11 8876
24 13 8753
24 14 9495
24 17 6549
24 22 8495
24 29 7843
24 30 5681
24 33 6549
24 35 8834
24 43 9781
24 46 7562
24 50 7787
24 55 7277
24 57 8076
24 64 8940
24 68 8531
24 69 9810
24 75 6213
24 78 8863
24 79 8305
24 81 7093
24 91 9506
24 96 9003
25 2 9528
25 3 6754
25 9 9514
25 12 7084
25 14 7974
25 16 5281
25 26 8207
25 27 8334
25 28 5417
25 31 5459
25 37 8018
25 39 8137
25 40 9950
25 43 5636
25 46 6704
25 50 6754
25 52 6636
25 55 9498
25 58 9966
25 62 5857
25 65 8243
25 69 8433
25 72 6323
25 76 5945
25 78 5853
25 80 9659
25 85 6452
25 95 9761
25 98 6953
26 4 7943
26 6 7019
26 8 7376
26 9 9557
26 13 8568
26 15 5409
26 21 6837
26 22 9401
26 25 8207
26 31 6976
26 32 7511
26 35 9925
26 42 7181
26 44 9552
26 45 9741
26 50 8822
26 52 5506
26 57 7308
26 60 5870
26 64 8371
26 65 9683
26 75 7933
26 81 5782
26 83 5613
26 92 5148
26 94 6041
26 95 8178
26 96 9659
27 2 8757
27 3 9342
27 4 5352
27 5 6568
27 7 9133
27 8 9218
27 11 7335
27 12 5110
27 17 7689
27 21 7178
27 23 7520
27 25 8334
27 29 9997
27 36 6998
27 45 8815
27 46 9470
27 48 7547
27 50 7951
27 51 7534
27 54 7029
27 55 5559
27 56 5571
27 57 9823
27 59 6127
27 64 6237
27 67 5549
27 70 7603
27 71 6079
27 82 5650
27 83 6608
27 93 5823
27 97 6132
27 98 5115
28 4 8367
28 7 6550
28 12 8501
28 15 5709
28 17 8373
28 18 6757
28 20 7667
28 25 5417
28 29 7678
28 31 9812
28 35 9671
28 38 5628
28 41 7428
28 47 9614
28 49 9949
28 50 6609
28 56 7981
28 57 5705
28 58 9612
28 65 5879
28 67 7815
28 71 7570
28 72 9232
28 77 6035
28 78 5125
28 79 7490
28 83 7592
28 88 5574
28 89 5712
28 91 5052
28 92 8231
28 93 7493
28 99 9175
29 1 5331
29 4 7655
29 9 6819
29 10 8613
29 12 5305
29 13 6142
29 22 9470
29 24 7843
29 27 9997
29 28 7678
29 32 9176
29 34 7505
29 37 8535
29 42 8072
29 47 5295
29 48 7542
29 53 8694
29 57 8647
29 61 8153
29 63 9614
29 68 6743
29 74 5698
29 75 7692
29 77 9008
29 79 7518
29 81 9639
29 82 9033
29 83 9936
29 85 5451
29 89 9038
29 90 8126
29 92 9506
29 93 9498
29 97 8487
29 98 9554
30 8 5078
30 11 6188
30 24 5681
30 31 5135
30 33 8386
30 34 8634
30 36 9967
30 47 8869
30 59 9330
30 61 7524
30 71 6236
30 73 5503
30 76 7814
30 77 6498
30 78 6785
30 89 7397
30 99 6526
31 1 5411
31 6 6509
31 7 8037
31 10 7141
31 16 9965
31 19 6587
31 22 9466
31 23 6201
31 25 5459
31 26 6976
31 28 9812
31 30 5135
31 34 6960
31 35 5914
31 37 7467
31 39 8691
31 40 9721
31 47 5934
31 49 7991
31 52 9734
31 55 7511
31 57 6012
31 60 7316
31 65 9598
31 66 6567
31 68 6351
31 69 6060
31 76 6034
31 78 6154
31 80 9178
31 88 7253
31 89 5857
31 94 9634
32 6 8902
32 11 5487
32 14 7662
32 26 7511
32 29 9176
32 36 8247
32 39 5473
32 45 5579
32 46 9032
32 48 5986
32 52 9923
32 53 8168
32 54 6146
32 56 6485
32 57 6284
32 60 6687
32 65 6734
32 68 9736
32 69 9795
32 75 5769
32 80 8115
32 90 8031
32 91 7480
32 94 7164
32 98 8228
33 5 8515
33 9 6694
33 11 6653
33 13 9695
33 14 5672
33 15 9278
33 17 7324
33 18 8591
33 20 6651
33 23 6119
33 24 6549
33 30 8386
33 37 7183
33 44 7498
33 46 8613
33 48 6603
33 49 8530
33 54 6828
33 58 9514
33 59 7790
33 60 9759
33 62 5464
33 65 6888
33 66 6613
33 68 6831
33 69 8312
33 71 7057
33 86 5364
33 87 9122
33 91 7351
33 93 5611
33 97 6292
33 98 8826
34 6 5120
34 9 8893
34 12 5287
34 19 8211
34 29 7505
34 30 8634
34 31 6960
34 40 9643
34 41 6878
34 47 6830
34 48 9143
34 50 9350
34 54 5439
34 60 7313
34 62 6952
34 63 5000
34 68 8061
34 69 6943
34 70 7447
34 71 7967
34 74 5473
34 75 9607
34 78 5925
34 79 9439
34 86 9350
34 87 8809
34 92 5016
34 93 9251
34 94 9455
35 3 7780
35 5 6931
35 9 8505
35 16 5128
35 17 7968
35 19 6827
35 21 7957
35 22 5011
35 24 8834
35 26 9925
35 28 9671
35 31 5914
35 36 5392
35 38 5048
35 44 5739
35 64 5458
35 67 6750
35 70 6255
35 71 5898
35 73 9433
35 75 5315
35 79 8054
35 81 6159
35 85 5816
35 86 6225
35 90 7689
35 93 8698
35 95 8348
35 98 5478
36 6 8177
36 8 7889
36 10 8074
36 17 6190
36 19 7723
36 21 7303
36 27 6998
36 30 9967
36 32 8247
36 35 5392
36 37 6526
36 39 6571
36 44 7846
36 48 5758
36 52 5958
36 59 9040
36 60 9517
36 63 9132
36 65 7009
36 68 8182
36 71 6460
36 74 8459
36 80 7462
36 81 6200
36 87 7934
36 89 7513
36 94 5845
37 1 8329
37 6 8511
37 14 9303
37 17 8771
37 18 6652
37 19 6975
37 20 5897
37 25 8018
37 29 8535
37 31 7467
37 33 7183
37 36 6526
37 43 9810
37 45 7090
37 46 8897
37 48 6171
37 56 5978
37 57 9904
37 58 7945
37 59 6451
37 63 5843
37 68 6952
37 69 9069
37 70 5143
37 76 8127
37 78 5156
37 79 6084
37 84 5600
37 86 6672
37 97 5056
37 99 6982
38 1 8271
38 11 5952
38 12 7606
38 13 6204
38 14 8611
38 17 7114
38 22 5484
38 28 5628
38 35 5048
38 40 5601
38 41 7585
38 43 6266
38 44 9004
38 45 7052
38 49 7996
38 50 8504
38 52 9771
38 63 9805
38 64 5642
38 65 6451
38 66 7927
38 68 6381
38 70 7143
38 73 8345
38 80 7764
38 82 7748
38 86 9179
38 89 7666
38 90 6810
38 94 6102
38 96 8480
38 99 7233
39 4 7404
39 5 8293
39 6 7169
39 11 5138
39 13 5462
39 14 8361
39 16 7524
39 18 9795
39 21 9700
39 25 8137
39 31 8691
39 32 5473
39 36 6571
39 41 8128
39 47 7867
39 48 5079
39 50 7812
39 56 6592
39 60 9907
39 61 8783
39 64 8450
39 74 6642
39 75 6051
39 80 8365
39 83 5542
39 90 6323
39 91 7727
39 92 9809
39 95 5414
39 97 7111
40 1 5033
40 2 9036
40 3 6962
40 4 9504
40 14 6470
40 16 7423
40 23 6422
40 25 9950
40 31 9721
40 34 9643
40 38 5601
40 42 5244
40 48 9290
40 49 6464
40 61 6307
40 63 8764
40 64 6122
40 65 9497
40 67 9040
40 68 9137
40 69 6129
40 70 9711
40 71 7366
40 75 6679
40 76 8478
40 84 6176
40 89 7269
40 93 7157
41 1 7702
41 2 7651
41 3 8655
41 9 6506
41 10 5458
41 14 7985
41 15 5826
41 19 7153
41 21 9137
41 28 7428
41 34 6878
41 38 7585
41 39 8128
41 46 6100
41 47 8181
41 52 7883
41 57 8061
41 59 5596
41 64 8623
41 68 9658
41 73 6757
41 75 5883
41 76 5401
41 79 9601
41 84 6269
41 86 8791
41 87 6436
41 94 8977
41 97 7103
42 3 7764
42 15 6503
42 18 8532
42 19 8513
42 26 7181
42 29 8072
42 40 5244
42 46 5563
42 48 5021
42 54 9661
42 57 9075
42 64 6301
42 68 6416
42 69 6333
42 70 8658
42 76 7570
42 86 8748
42 92 9373
42 94 9768
42 96 7848
43 1 8608
43 5 8436
43 7 6056
43 9 5051
43 15 9991
43 17 7682
43 18 7054
43 24 9781
43 25 5636
43 37 9810
43 38 6266
43 44 5651
43 48 5975
43 51 6809
43 53 7453
43 57 5380
43 67 8091
43 68 8998
43 69 6283
43 72 8277
43 73 6208
43 75 8037
43 76 9097
43 77 6637
43 80 8767
43 83 7912
43 84 9510
43 90 9896
43 92 9905
43 93 5718
43 96 9349
43 97 7218
43 99 9437
44 1 5676
44 2 5896
44 3 5626
44 4 7445
44 8 6494
44 9 8695
44 11 6197
44 19 6287
44 26 9552
44 33 7498
44 35 5739
44 36 7846
44 38 9004
44 43 5651
44 46 6761
44 49 8372
44 52 8683
44 53 7315
44 57 7255
44 60 6895
44 62 6997
44 67 9732
44 71 7320
44 72 8320
44 73 8023
44 74 7048
44 79 9553
44 85 5032
44 87 5136
44 90 7216
44 92 5880
44 95 8808
44 97 6382
44 99 6611
45 3 9179
45 4 9186
45 15 7483
45 22 6998
45 26 9741
45 27 8815
45 32 5579
45 37 7090
45 38 7052
45 51 5558
45 52 7697
45 56 6361
45 57 8890
45 58 8455
45 60 9446
45 61 7508
45 63 8323
45 66 5440
45 67 5760
45 68 5736
45 69 5539
45 70 5861
45 76 6287
45 79 8135
45 82 7186
45 83 7116
45 85 5789
45 87 9416
45 91 8842
45 92 8717
45 93 7733
45 95 6887
45 97 5240
45 98 7078
45 99 9580
46 2 9097
46 6 7640
46 8 5619
46 12 6389
46 16 6709
46 21 7527
46 24 7562
46 25 6704
46 27 9470
46 32 9032
46 33 8613
46 37 8897
46 41 6100
46 42 5563
46 44 6761
46 51 7894
46 57 9198
46 69 5159
46 70 9457
46 71 7921
46 72 6734
46 74 7022
46 75 9718
46 82 5556
46 88 9145
46 89 5503
46 97 6699
47 3 9891
47 4 7385
47 5 8704
47 10 7155
47 18 6946
47 22 6367
47 23 7427
47 28 9614
47 29 5295
47 30 8869
47 31 5934
47 34 6830
47 39 7867
47 41 8181
47 50 9472
47 51 9646
47 53 8265
47 55 5300
47 58 5557
47 63 8567
47 66 9604
47 76 6751
47 77 9312
47 84 8392
47 85 8186
47 87 6442
47 90 5238
47 97 9343
47 99 7617
48 1 8174
48 4 9045
48 16 7302
48 18 6400
48 23 9427
48 27 7547
48 29 7542
48 32 5986
48 33 6603
48 34 9143
48 36 5758
48 37 6171
48 39 5079
48 40 9290
48 42 5021
48 43 5975
48 54 8850
48 56 6860
48 58 7999
48 59 6856
48 63 5308
48 69 9163
48 70 9574
48 71 5820
48 74 6955
48 77 5899
48 82 9092
48 88 5861
48 90 7400
48 91 9459
48 92 9659
48 98 6070
49 2 9334
49 5 6217
49 12 6522
49 16 5163
49 17 6437
49 19 9193
49 20 9808
49 21 8999
49 28 9949
49 31 7991
49 33 8530
49 38 7996
49 40 6464
49 44 8372
49 54 5155
49 62 9620
49 63 5369
49 65 5077
49 66 5083
49 67 9707
49 68 8161
49 71 6555
49 72 5609
49 73 8129
49 77 6514
49 82 6030
49 94 6653
49 97 9321
49 99 8197
50 3 5652
50 4 8537
50 5 9532
50 8 8599
50 10 5767
50 12 7277
50 14 7065
50 20 5180
50 21 5091
50 24 7787
50 25 6754
50 26 8822
50 27 7951
50 28 6609
50 34 9350
50 38 8504
50 39 7812
50 47 9472
50 57 6830
50 61 8169
50 64 9690
50 66 7361
50 71 7908
50 73 8739
50 79 9424
50 80 6555
50 81 7645
50 86 7599
50 89 7553
50 95 6725
50 97 7654
51 1 8644
51 6 5902
51 8 8889
51 9 8365
51 15 7430
51 27 7534
51 43 6809
51 45 5558
51 46 7894
51 47 9646
51 53 9768
51 54 7878
51 56 6937
51 59 8760
51 62 5018
51 63 7414
51 68 6091
51 69 7774
51 70 5941
51 71 7494
51 72 5203
51 74 8730
51 76 6264
51 83 6129
51 84 9811
51 85 6559
51 88 5187
51 96 6103
52 2 9480
52 4 6412
52 6 6294
52 7 7458
52 8 9044
52 12 6419
52 13 5464
52 18 9772
52 23 6729
52 25 6636
52 26 5506
52 31 9734
52 32 9923
52 36 5958
52 38 9771
52 41 7883
52 44 8683
52 45 7697
52 53 6962
52 55 5198
52 58 7240
52 59 6997
52 60 8850
52 66 9277
52 67 5559
52 68 5142
52 70 6986
52 73 5568
52 75 7217
52 77 6383
52 80 6361
52 83 9323
52 85 6387
52 91 9004
52 95 5649
52 98 9126
53 3 8078
53 9 6791
53 15 7653
53 22 9424
53 23 8049
53 29 8694
53 32 8168
53 43 7453
53 44 7315
53 47 8265
53 51 9768
53 52 6962
53 57 8851
53 62 8894
53 73 7088
53 77 7706
53 78 8332
53 79 6428
53 80 8639
53 84 6250
53 86 6863
53 88 9288
53 89 8927
53 91 8102
53 96 7204
54 1 9947
54 3 9771
54 4 9771
54 11 7535
54 13 8256
54 14 9248
54 20 6187
54 21 6162
54 22 9403
54 27 7029
54 32 6146
54 33 6828
54 34 5439
54 42 9661
54 48 8850
54 49 5155
54 51 7878
54 56 8334
54 58 7075
54 59 6258
54 63 5996
54 68 8079
54 74 7374
54 76 8678
54 95 6056
55 5 8335
55 10 9150
55 15 7987
55 17 6644
55 18 5281
55 22 9990
55 24 7277
55 25 9498
55 27 5559
55 31 7511
55 47 5300
55 52 5198
55 56 6985
55 57 8843
55 58 6220
55 60 7457
55 61 5878
55 62 7078
55 63 6168
55 65 5508
55 68 9657
55 72 6389
55 73 5108
55 74 9437
55 77 7008
55 81 5688
55 82 9634
55 88 5873
55 89 9678
55 90 7394
55 98 5399
56 2 6237
56 4 9876
56 6 9862
56 12 6434
56 20 9307
56 27 5571
56 28 7981
56 32 6485
56 37 5978
56 39 6592
56 45 6361
56 48 6860
56 51 6937
56 54 8334
56 55 6985
56 58 9114
56 60 7256
56 62 8146
56 66 7614
56 67 9012
56 69 8411
56 70 5784
56 77 6879
56 84 6905
56 85 9457
56 89 8177
56 93 7314
56 94 9575
57 1 9256
57 3 5122
57 9 8174
57 13 5932
57 16 9934
57 24 8076
57 26 7308
57 27 9823
57 28 5705
57 29 8647
57 31 6012
57 32 6284
57 37 9904
57 41 8061
57 42 9075
57 43 5380
57 44 7255
57 45 8890
57 46 9198
57 50 6830
57 53 8851
57 55 8843
57 61 6464
57 72 6465
57 79 9088
57 80 7103
57 81 6248
57 85 5837
57 86 6574
57 89 8553
57 92 6756
57 97 5835
58 5 5008
58 15 7127
58 22 9042
58 25 9966
58 28 9612
58 33 9514
58 37 7945
58 45 8455
58 47 5557
58 48 7999
58 52 7240
58 54 7075
58 55 6220
58 56 9114
58 60 8565
58 63 8917
58 64 7505
58 69 7502
58 78 9441
58 80 8823
58 81 6535
58 82 7243
58 83 5931
58 88 5219
58 98 9871
59 7 7795
59 9 8178
59 10 6494
59 12 5548
59 14 8333
59 20 6017
59 21 6179
59 23 6122
59 27 6127
59 30 9330
59 33 7790
59 36 9040
59 37 6451
59 41 5596
59 48 6856
59 51 8760
59 52 6997
59 54 6258
59 61 9789
59 62 5177
59 64 6106
59 73 6126
59 76 5087
59 81 6555
59 83 5783
59 88 6277
59 91 9580
60 5 6219
60 9 9669
60 11 8088
60 19 7013
60 20 8698
60 21 9634
60 26 5870
60 31 7316
60 32 6687
60 33 9759
60 34 7313
60 36 9517
60 39 9907
60 44 6895
60 45 9446
60 52 8850
60 55 7457
60 56 7256
60 58 8565
60 64 6665
60 69 8757
60 70 8016
60 71 7312
60 75 5050
60 81 8705
60 84 9112
60 89 5799
60 92 7560
60 96 9747
61 4 7834
61 7 6269
61 8 7855
61 9 6744
61 11 6913
61 17 8367
61 23 6037
61 29 8153
61 30 7524
61 39 8783
61 40 6307
61 45 7508
61 50 8169
61 55 5878
61 57 6464
61 59 9789
61 64 9023
61 66 9004
61 68 8296
61 70 9351
61 75 7284
61 77 8601
61 78 9273
61 82 5153
61 86 9120
61 88 8961
61 91 7607
61 92 8472
61 96 6830
61 97 7638
62 8 9319
62 9 8335
62 11 8033
62 14 8983
62 17 7011
62 22 5929
62 25 5857
62 33 5464
62 34 6952
62 44 6997
62 49 9620
62 51 5018
62 53 8894
62 55 7078
62 56 8146
62 59 5177
62 71 8166
62 72 7729
62 75 5686
62 80 5609
62 95 6012
63 11 6419
63 16 8604
63 17 8952
63 18 5063
63 19 9633
63 20 8639
63 29 9614
63 34 5000
63 36 9132
63 37 5843
63 38 9805
63 40 8764
63 45 8323
63 47 8567
63 48 5308
63 49 5369
63 51 7414
63 54 5996
63 55 6168
63 58 8917
63 65 7943
63 66 6801
63 68 7667
63 70 5889
63 72 6712
63 73 6899
63 78 5860
63 91 7782
63 92 5070
63 96 9803
64 3 6604
64 8 9588
64 15 5262
64 18 8704
64 19 9255
64 21 7924
64 22 8611
64 24 8940
64 26 8371
64 27 6237
64 35 5458
64 38 5642
64 39 8450
64 40 6122
64 41 8623
64 42 6301
64 50 9690
64 58 7505
64 59 6106
64 60 6665
64 61 9023
64 68 8256
64 71 5826
64 85 7983
64 90 5167
64 92 7651
64 94 5759
64 96 9462
64 97 5018
64 99 5589
65 1 6736
65 4 9038
65 6 6269
65 7 7536
65 20 9136
65 25 8243
65 26 9683
65 28 5879
65 31 9598
65 32 6734
65 33 6888
65 36 7009
65 38 6451
65 40 9497
65 49 5077
65 55 5508
65 63 7943
65 68 5364
65 69 5326
65 70 6190
65 72 6041
65 73 9249
65 99 9377
66 4 6743
66 7 7575
66 9 9721
66 10 5762
66 12 7655
66 15 7278
66 16 5583
66 17 8089
66 21 8497
66 22 6126
66 31 6567
66 33 6613
66 38 7927
66 45 5440
66 47 9604
66 49 5083
66 50 7361
66 52 9277
66 56 7614
66 61 9004
66 63 6801
66 68 8995
66 81 7464
66 82 9519
66 84 5080
66 88 6872
66 90 5362
66 93 5596
66 99 7788
67 5 6492
67 6 6666
67 7 6519
67 8 7755
67 12 8464
67 13 5965
67 17 7668
67 20 9732
67 22 6166
67 27 5549
67 28 7815
67 35 6750
67 40 9040
67 43 8091
67 44 9732
67 45 5760
67 49 9707
67 52 5559
67 56 9012
67 69 7285
67 71 8725
67 73 9447
67 75 5000
67 77 9386
67 82 8805
67 90 7894
67 98 8930
68 1 7230
68 6 7481
68 18 7044
68 22 7600
68 24 8531
68 29 6743
68 31 6351
68 32 9736
68 33 6831
68 34 8061
68 36 8182
68 37 6952
68 38 6381
68 40 9137
68 41 9658
68 42 6416
68 43 8998
68 45 5736
68 49 8161
68 51 6091
68 52 5142
68 54 8079
68 55 9657
68 61 8296
68 63 7667
68 64 8256
68 65 5364
68 66 8995
68 69 8704
68 70 9868
68 72 8111
68 73 6941
68 77 6278
68 78 6319
68 79 6284
68 80 7948
68 82 7049
68 90 7114
68 95 5187
69 1 6662
69 2 8460
69 3 5004
69 7 6060
69 12 8643
69 16 9156
69 17 7155
69 21 8979
69 22 6235
69 24 9810
69 25 8433
69 31 6060
69 32 9795
69 33 8312
69 34 6943
69 37 9069
69 40 6129
69 42 6333
69 43 6283
69 45 5539
69 46 5159
69 48 9163
69 51 7774
69 56 8411
69 58 7502
69 60 8757
69 65 5326
69 67 7285
69 68 8704
69 74 5047
69 79 7566
69 81 7440
69 83 6109
69 85 8682
69 92 5064
69 94 5382
69 96 5835
70 4 7284
70 19 6754
70 21 9888
70 22 9747
70 27 7603
70 34 7447
70 35 6255
70 37 5143
70 38 7143
70 40 9711
70 42 8658
70 45 5861
70 46 9457
70 48 9574
70 51 5941
70 52 6986
70 56 5784
70 60 8016
70 61 9351
70 63 5889
70 65 6190
70 68 9868
70 71 6017
70 73 7004
70 77 6734
70 78 8863
70 79 5350
70 83 5058
70 84 8241
70 87 8656
71 3 9753
71 6 9183
71 10 8886
71 13 5461
71 27 6079
71 28 7570
71 30 6236
71 33 7057
71 34 7967
71 35 5898
71 36 6460
71 40 7366
71 44 7320
71 46 7921
71 48 5820
71 49 6555
71 50 7908
71 51 7494
71 60 7312
71 62 8166
71 64 5826
71 67 8725
71 70 6017
71 81 7595
71 84 7004
71 85 8464
71 91 8615
71 98 7211
71 99 7728
72 2 9100
72 6 5870
72 11 7392
72 13 8052
72 16 6656
72 23 5815
72 25 6323
72 28 9232
72 43 8277
72 44 8320
72 46 6734
72 49 5609
72 51 5203
72 55 6389
72 57 6465
72 62 7729
72 63 6712
72 65 6041
72 68 8111
72 73 9360
72 75 7568
72 76 6186
72 77 5803
72 82 8624
72 85 7161
72 87 6566
72 88 8687
72 89 8904
72 95 5609
72 96 5479
72 99 7363
73 1 7240
73 9 9406
73 11 8768
73 13 5867
73 15 7202
73 21 9491
73 30 5503
73 35 9433
73 38 8345
73 41 6757
73 43 6208
73 44 8023
73 49 8129
73 50 8739
73 52 5568
73 53 7088
73 55 5108
73 59 6126
73 63 6899
73 65 9249
73 67 9447
73 68 6941
73 70 7004
73 72 9360
73 82 7531
73 84 9910
73 87 8421
73 91 8538
73 93 8633
74 3 5133
74 4 5868
74 9 8331
74 10 5434
74 12 7132
74 18 7152
74 29 5698
74 34 5473
74 36 8459
74 39 6642
74 44 7048
74 46 7022
74 48 6955
74 51 8730
74 54 7374
74 55 9437
74 69 5047
74 77 9944
74 80 6295
74 81 7992
74 83 8015
74 89 9252
74 90 8393
74 96 6025
74 98 9285
74 99 6343
75 1 8659
75 4 7159
75 6 6323
75 8 8259
75 14 6472
75 16 9655
75 22 6953
75 24 6213
75 26 7933
75 29 7692
75 32 5769
75 34 9607
75 35 5315
75 39 6051
75 40 6679
75 41 5883
75 43 8037
75 46 9718
75 52 7217
75 60 5050
75 61 7284
75 62 5686
75 67 5000
75 72 7568
75 76 7352
75 78 5877
75 81 8913
75 84 7258
75 86 7171
75 90 5493
75 92 9236
75 95 5110
75 99 8084
76 2 6650
76 6 6496
76 8 9961
76 10 9685
76 11 9196
76 13 6872
76 15 8201
76 23 9996
76 25 5945
76 30 7814
76 31 6034
76 37 8127
76 40 8478
76 41 5401
76 42 7570
76 43 9097
76 45 6287
76 47 6751
76 51 6264
76 54 8678
76 59 5087
76 72 6186
76 75 7352
76 80 7906
76 84 6654
76 85 7542
76 86 8361
76 90 8637
76 93 7580
76 98 5938
76 99 8304
77 2 5359
77 11 8523
77 14 7317
77 16 6701
77 28 6035
77 29 9008
77 30 6498
77 43 6637
77 47 9312
77 48 5899
77 49 6514
77 52 6383
77 53 7706
77 55 7008
77 56 6879
77 61 8601
77 67 9386
77 68 6278
77 70 6734
77 72 5803
77 74 9944
77 82 5866
77 84 5063
77 85 6790
77 87 6410
77 88 6431
77 95 6359
77 97 8390
78 2 7939
78 3 9758
78 4 7994
78 5 5551
78 6 9390
78 8 9796
78 16 7395
78 18 7114
78 23 6570
78 24 8863
78 25 5853
78 28 5125
78 30 6785
78 31 6154
78 34 5925
78 37 5156
78 53 8332
78 58 9441
78 61 9273
78 63 5860
78 68 6319
78 70 8863
78 75 5877
78 86 6969
78 88 8144
78 89 8815
78 93 9729
78 97 9369
79 6 7864
79 15 7470
79 16 7035
79 20 9772
79 24 8305
79 28 7490
79 29 7518
79 34 9439
79 35 8054
79 37 6084
79 41 9601
79 44 9553
79 45 8135
79 50 9424
79 53 6428
79 57 9088
79 68 6284
79 69 7566
79 70 5350
79 82 6066
79 86 5923
79 87 7396
79 93 9478
79 96 9127
80 3 5309
80 4 8772
80 5 9475
80 7 8297
80 9 6049
80 10 6868
80 25 9659
80 31 9178
80 32 8115
80 36 7462
80 38 7764
80 39 8365
80 43 8767
80 50 6555
80 52 6361
80 53 8639
80 57 7103
80 58 8823
80 62 5609
80 68 7948
80 74 6295
80 76 7906
80 81 6714
80 87 6695
80 91 7144
80 93 8466
80 96 8162
80 98 7809
81 1 8266
81 3 9978
81 6 6697
81 7 7707
81 11 9880
81 12 5240
81 14 7934
81 18 5581
81 20 8851
81 21 5316
81 24 7093
81 26 5782
81 29 9639
81 35 6159
81 36 6200
81 50 7645
81 55 5688
81 57 6248
81 58 6535
81 59 6555
81 60 8705
81 66 7464
81 69 7440
81 71 7595
81 74 7992
81 75 8913
81 80 6714
81 82 6150
81 84 6296
81 92 7164
81 93 5516
81 98 7948
82 7 6265
82 8 7333
82 13 5095
82 14 6861
82 16 9145
82 18 8141
82 22 6638
82 27 5650
82 29 9033
82 38 7748
82 45 7186
82 46 5556
82 48 9092
82 49 6030
82 55 9634
82 58 7243
82 61 5153
82 66 9519
82 67 8805
82 68 7049
82 72 8624
82 73 7531
82 77 5866
82 79 6066
82 81 6150
82 85 9527
82 86 7780
82 87 9202
82 90 5152
83 5 8981
83 7 8330
83 13 7460
83 14 8792
83 19 6789
83 21 5255
83 22 5413
83 26 5613
83 27 6608
83 28 7592
83 29 9936
83 39 5542
83 43 7912
83 45 7116
83 51 6129
83 52 9323
83 58 5931
83 59 5783
83 69 6109
83 70 5058
83 74 8015
83 86 5264
83 92 7454
83 98 8787
83 99 8198
84 1 6326
84 2 9305
84 5 9628
84 7 5725
84 37 5600
84 40 6176
84 41 6269
84 43 9510
84 47 8392
84 51 9811
84 53 6250
84 56 6905
84 60 9112
84 66 5080
84 70 8241
84 71 7004
84 73 9910
84 75 7258
84 76 6654
84 77 5063
84 81 6296
84 86 9407
84 88 9681
84 94 7566
84 99 5319
85 2 8775
85 3 9849
85 7 5020
85 12 5346
85 15 7219
85 17 6502
85 25 6452
85 29 5451
85 35 5816
85 44 5032
85 45 5789
85 47 8186
85 51 6559
85 52 6387
85 56 9457
85 57 5837
85 64 7983
85 69 8682
85 71 8464
85 72 7161
85 76 7542
85 77 6790
85 82 9527
85 87 5240
85 88 8631
85 91 7550
85 95 8769
86 1 9839
86 7 8975
86 9 6696
86 11 5530
86 12 8467
86 14 8750
86 16 6619
86 18 9974
86 20 7767
86 21 9338
86 33 5364
86 34 9350
86 35 6225
86 37 6672
86 38 9179
86 41 8791
86 42 8748
86 50 7599
86 53 6863
86 57 6574
86 61 9120
86 75 7171
86 76 8361
86 78 6969
86 79 5923
86 82 7780
86 83 5264
86 84 9407
86 87 7393
86 92 9889
86 95 6183
87 5 8654
87 7 8623
87 9 8489
87 11 8790
87 12 7915
87 17 6586
87 23 9843
87 33 9122
87 34 8809
87 36 7934
87 41 6436
87 44 5136
87 45 9416
87 47 6442
87 70 8656
87 72 6566
87 73 8421
87 77 6410
87 79 7396
87 80 6695
87 82 9202
87 85 5240
87 86 7393
87 90 7220
87 95 9452
87 97 7018
87 98 8445
88 3 8209
88 5 8658
88 6 8361
88 11 5492
88 17 9966
88 18 9017
88 22 7802
88 23 8866
88 28 5574
88 31 7253
88 46 9145
88 48 5861
88 51 5187
88 53 9288
88 55 5873
88 58 5219
88 59 6277
88 61 8961
88 66 6872
88 72 8687
88 77 6431
88 78 8144
88 84 9681
88 85 8631
88 89 9510
88 93 8176
88 95 7961
88 97 6300
88 98 5402
89 3 7153
89 9 9765
89 10 6155
89 13 8821
89 17 5926
89 21 5337
89 22 7882
89 23 9260
89 28 5712
89 29 9038
89 30 7397
89 31 5857
89 36 7513
89 38 7666
89 40 7269
89 46 5503
89 50 7553
89 53 8927
89 55 9678
89 56 8177
89 57 8553
89 60 5799
89 72 8904
89 74 9252
89 78 8815
89 88 9510
89 90 6884
89 92 7830
89 93 9445
90 15 6933
90 16 8459
90 18 9097
90 21 9362
90 22 5921
90 29 8126
90 32 8031
90 35 7689
90 38 6810
90 39 6323
90 43 9896
90 44 7216
90 47 5238
90 48 7400
90 55 7394
90 64 5167
90 66 5362
90 67 7894
90 68 7114
90 74 8393
90 75 5493
90 76 8637
90 82 5152
90 87 7220
90 89 6884
90 91 8991
90 92 6805
90 93 5166
90 99 5999
91 2 7956
91 6 6255
91 7 5836
91 11 5048
91 14 5066
91 19 6898
91 20 8830
91 22 6299
91 23 5373
91 24 9506
91 28 5052
91 32 7480
91 33 7351
91 39 7727
91 45 8842
91 48 9459
91 52 9004
91 53 8102
91 59 9580
91 61 7607
91 63 7782
91 71 8615
91 73 8538
91 80 7144
91 85 7550
91 90 8991
91 96 6555
91 98 8299
91 99 5507
92 4 5750
92 8 8314
92 14 8097
92 15 7312
92 17 7869
92 26 5148
92 28 8231
92 29 9506
92 34 5016
92 39 9809
92 42 9373
92 43 9905
92 44 5880
92 45 8717
92 48 9659
92 57 6756
92 60 7560
92 61 8472
92 63 5070
92 64 7651
92 69 5064
92 75 9236
92 81 7164
92 83 7454
92 86 9889
92 89 7830
92 90 6805
92 98 7150
93 2 8544
93 3 8654
93 4 8293
93 7 7784
93 10 5861
93 17 7650
93 23 9402
93 27 5823
93 28 7493
93 29 9498
93 33 5611
93 34 9251
93 35 8698
93 40 7157
93 43 5718
93 45 7733
93 56 7314
93 66 5596
93 73 8633
93 76 7580
93 78 9729
93 79 9478
93 80 8466
93 81 5516
93 88 8176
93 89 9445
93 90 5166
93 96 6380
93 98 5742
93 99 7762
94 7 6929
94 11 8703
94 23 5320
94 26 6041
94 31 9634
94 32 7164
94 34 9455
94 36 5845
94 38 6102
94 41 8977
94 42 9768
94 49 6653
94 56 9575
94 64 5759
94 69 5382
94 84 7566
95 5 8533
95 9 9438
95 15 8317
95 19 9230
95 22 6556
95 23 6078
95 25 9761
95 26 8178
95 35 8348
95 39 5414
95 44 8808
95 45 6887
95 50 6725
95 52 5649
95 54 6056
95 62 6012
95 68 5187
95 72 5609
95 75 5110
95 77 6359
95 85 8769
95 86 6183
95 87 9452
95 88 7961
95 96 8562
96 3 8382
96 13 9102
96 17 5959
96 19 5074
96 21 7135
96 23 9840
96 24 9003
96 26 9659
96 38 8480
96 42 7848
96 43 9349
96 51 6103
96 53 7204
96 60 9747
96 61 6830
96 63 9803
96 64 9462
96 69 5835
96 72 5479
96 74 6025
96 79 9127
96 80 8162
96 91 6555
96 93 6380
96 95 8562
96 99 8521
97 1 8170
97 3 8703
97 4 9617
97 5 6217
97 6 5519
97 7 7369
97 8 5561
97 12 8711
97 15 6490
97 23 9636
97 27 6132
97 29 8487
97 33 6292
97 37 5056
97 39 7111
97 41 7103
97 43 7218
97 44 6382
97 45 5240
97 46 6699
97 47 9343
97 49 9321
97 50 7654
97 57 5835
97 61 7638
97 64 5018
97 77 8390
97 78 9369
97 87 7018
97 88 6300
97 99 6587
98 1 5077
98 16 9592
98 18 6434
98 25 6953
98 27 5115
98 29 9554
98 32 8228
98 33 8826
98 35 5478
98 45 7078
98 48 6070
98 52 9126
98 55 5399
98 58 9871
98 67 8930
98 71 7211
98 74 9285
98 76 5938
98 80 7809
98 81 7948
98 83 8787
98 87 8445
98 88 5402
98 91 8299
98 92 7150
98 93 5742
98 99 9053
2 t 8646
3 t 7675
4 t 5077
7 t 5790
13 t 6209
14 t 5466
17 t 5259
28 t 9175
30 t 6526
37 t 6982
38 t 7233
43 t 9437
44 t 6611
45 t 9580
47 t 7617
49 t 8197
64 t 5589
65 t 9377
66 t 7788
71 t 7728
72 t 7363
74 t 6343
75 t 8084
76 t 8304
83 t 8198
84 t 5319
90 t 5999
91 t 5507
93 t 7762
96 t 8521
97 t 6587
98 t 9053
