s 3 9732
s 4 8823
s 9 9406
s 10 9181
s 20 8492
s 24 8314
s 32 8181
s 37 8423
s 40 9949
s 41 9064
s 44 9772
s 45 9883
s 50 8585
s 53 9718
s 54 8223
s 55 8285
s 62 9103
s 66 8514
s 69 9886
s 71 8177
s 72 8042
s 76 9427
s 77 9336
s 81 8604
s 87 9693
s 90 8419
s 91 9681
s 92 9548
s 96 8786
1 4 8584
1 7 9087
1 10 8812
1 20 8529
1 23 9487
1 24 8986
1 26 9634
1 27 8015
1 31 8216
1 40 9688
1 42 9818
1 45 9145
1 47 8549
1 51 9987
1 53 9001
1 57 8739
1 61 9167
1 64 9443
1 65 9801
1 66 8921
1 67 8396
1 68 9807
1 69 8984
1 73 8451
1 74 9237
1 76 9041
1 78 8196
1 79 8660
1 83 8513
1 85 9166
1 86 8748
1 87 9277
1 88 9065
1 89 8011
1 92 8294
1 93 8735
1 94 9553
1 95 9243
1 97 8438
2 5 8595
2 6 9993
2 9 8038
2 10 8678
2 12 8055
2 15 8679
2 16 9807
2 19 8408
2 20 9907
2 26 9934
2 32 9360
2 40 9203
2 46 8288
2 47 8265
2 50 9500
2 53 9878
2 54 9167
2 57 9463
2 58 8610
2 59 9035
2 67 8996
2 68 8686
2 71 8695
2 74 8229
2 77 8669
2 78 8169
2 79 9838
2 82 8678
2 83 8497
2 88 9901
2 93 9395
2 94 8006
3 5 8080
3 10 8199
3 12 9322
3 14 8138
3 16 8319
3 18 8892
3 20 8606
3 21 8036
3 25 8636
3 28 8514
3 31 8187
3 38 9015
3 40 8418
3 49 9993
3 52 8152
3 53 9356
3 54 8082
3 56 8426
3 64 9819
3 71 8965
3 72 9703
3 75 9579
3 76 8878
3 78 8062
3 79 9068
3 90 8278
3 94 9752
3 95 9315
3 96 9777
3 98 8171
4 1 8584
4 7 9806
4 9 8175
4 13 9812
4 14 8731
4 16 9326
4 20 8408
4 24 9155
4 38 9316
4 41 8052
4 48 9804
4 51 8365
4 54 9135
4 56 9236
4 59 9226
4 61 9762
4 65 9895
4 66 8658
4 70 9440
4 74 9089
4 77 9535
4 82 8252
4 85 9458
4 88 9169
4 89 8941
4 94 9725
4 97 9951
5 2 8595
5 3 8080
5 10 8799
5 11 8216
5 13 9953
5 16 8056
5 17 8498
5 25 8402
5 26 9428
5 28 9375
5 29 9318
5 30 8666
5 32 9845
5 33 9317
5 37 8679
5 38 8379
5 45 9933
5 51 8049
5 55 8152
5 60 8645
5 69 8716
5 72 9114
5 73 9582
5 76 9446
5 80 8124
5 81 8457
5 84 8736
5 86 9827
5 87 9596
5 89 8114
6 2 9993
6 9 8352
6 12 8643
6 15 8348
6 19 8431
6 23 8629
6 26 8100
6 29 9944
6 31 8290
6 34 8552
6 37 9461
6 41 8667
6 42 8826
6 43 8303
6 44 8092
6 45 8013
6 47 9047
6 51 8242
6 52 9790
6 54 9780
6 57 9785
6 61 8193
6 63 9511
6 66 8361
6 67 9106
6 70 8904
6 73 9064
6 75 9901
6 77 9844
6 82 9305
6 90 8140
6 91 8202
6 93 8265
6 95 8025
6 97 8732
6 99 9190
7 1 9087
7 4 9806
7 8 8758
7 17 8520
7 24 8629
7 30 8641
7 31 9187
7 32 9206
7 45 8644
7 46 8417
7 47 8572
7 48 9900
7 51 8938
7 56 9365
7 85 8342
7 86 9624
7 90 8898
7 92 8170
7 96 8102
8 7 8758
8 15 9013
8 18 8132
8 23 8020
8 24 9751
8 27 8356
8 28 9738
8 29 8008
8 30 9393
8 33 8406
8 36 8625
8 37 9732
8 52 8666
8 54 9736
8 60 9888
8 61 8353
8 63 9660
8 69 9894
8 70 9885
8 71 9963
8 72 8456
8 73 9829
8 75 8421
8 78 8263
8 79 9047
8 80 9905
8 84 9616
8 86 8480
8 90 9978
8 92 8210
8 97 9980
8 98 9283
9 2 8038
9 4 8175
9 6 8352
9 14 8871
9 15 8912
9 19 8717
9 21 9663
9 26 9881
9 31 8701
9 32 9773
9 36 8693
9 39 9646
9 40 8087
9 41 8429
9 44 8410
9 46 8491
9 47 9867
9 49 8765
9 50 9468
9 52 9693
9 56 9765
9 59 8456
9 64 9033
9 65 9843
9 68 9403
9 69 8777
9 71 8772
9 80 8525
9 81 9759
9 82 9135
9 83 8948
9 85 8731
9 86 8331
9 87 8543
9 88 8669
9 89 9240
9 96 9124
10 1 8812
10 2 8678
10 3 8199
10 5 8799
10 11 9807
10 13 9956
10 16 9126
10 20 9412
10 24 8204
10 25 9154
10 26 8762
10 28 8223
10 30 8406
10 31 8223
10 32 9610
10 34 8690
10 35 8309
10 43 9317
10 45 8669
10 46 9803
10 51 9554
10 58 8020
10 59 8850
10 62 8027
10 64 9379
10 68 9979
10 69 9033
10 72 8155
10 76 8648
10 80 9293
10 85 8684
10 86 9219
10 88 9623
10 89 8672
10 92 8736
10 93 9870
10 95 9180
10 96 8114
11 5 8216
11 10 9807
11 18 8267
11 21 9636
11 22 9316
11 25 8288
11 27 8884
11 32 8871
11 34 8723
11 37 9213
11 40 8108
11 45 8377
11 49 8799
11 51 9035
11 53 8082
11 54 9563
11 55 8107
11 59 8859
11 63 9809
11 71 9346
11 72 9353
11 74 9824
11 75 9102
11 81 8762
11 85 9838
11 87 8774
11 96 9584
11 97 8129
11 99 9107
12 2 8055
12 3 9322
12 6 8643
12 13 8017
12 17 8261
12 20 9359
12 22 8727
12 25 8335
12 29 8973
12 31 8852
12 39 9118
12 45 8180
12 47 9747
12 51 9362
12 55 9502
12 58 8932
12 62 8595
12 66 9943
12 68 8878
12 69 9763
12 71 8788
12 73 8222
12 76 9793
12 80 8851
12 86 8713
12 87 9020
12 92 8951
13 4 9812
13 5 9953
13 10 9956
13 12 8017
13 16 9232
13 28 8978
13 30 9089
13 31 9631
13 33 8229
13 37 9250
13 40 8676
13 44 9311
13 49 9863
13 50 8923
13 51 8608
13 53 9931
13 54 9487
13 58 9548
13 60 8954
13 65 9342
13 68 8516
13 72 8890
13 73 8579
13 74 9358
13 76 9823
13 91 9214
13 93 8848
13 98 9070
14 3 8138
14 4 8731
14 9 8871
14 17 9080
14 19 8097
14 20 9479
14 26 9829
14 27 8710
14 32 9865
14 47 8819
14 50 8600
14 55 9781
14 68 9490
14 69 9277
14 75 9459
14 79 8296
14 80 8684
14 84 9703
14 86 9399
14 87 9371
14 93 9383
14 94 8507
15 2 8679
15 6 8348
15 8 9013
15 9 8912
15 17 9580
15 19 8300
15 20 9066
15 21 8888
15 22 9910
15 27 9455
15 28 8683
15 29 8531
15 31 9795
15 32 9740
15 34 9891
15 41 9824
15 47 8234
15 49 8665
15 51 8140
15 52 9239
15 54 9854
15 55 8861
15 57 8246
15 61 9184
15 63 8121
15 65 9459
15 67 8620
15 69 8834
15 72 8900
15 78 8760
15 81 8888
15 85 8241
15 95 9042
16 2 9807
16 3 8319
16 4 9326
16 5 8056
16 10 9126
16 13 9232
16 18 9930
16 19 8401
16 21 9095
16 22 8222
16 23 9958
16 28 9203
16 31 9029
16 34 8995
16 37 9131
16 39 9111
16 49 9872
16 54 9256
16 55 8321
16 56 9920
16 57 9375
16 63 8505
16 64 9185
16 68 9009
16 69 8768
16 70 8460
16 80 8685
16 82 9151
16 83 9751
16 84 9053
16 85 8612
16 86 8954
16 92 9872
16 98 8091
16 99 9208
17 5 8498
17 7 8520
17 12 8261
17 14 9080
17 15 9580
17 18 9901
17 19 9881
17 21 8650
17 29 9815
17 30 8067
17 33 9643
17 38 8442
17 56 8368
17 57 9180
17 64 8286
17 69 9844
17 70 9950
17 81 8783
17 95 9917
18 3 8892
18 8 8132
18 11 8267
18 16 9930
18 17 9901
18 19 8787
18 31 9146
18 32 9039
18 33 9448
18 43 8995
18 46 9575
18 47 9989
18 48 8116
18 50 8988
18 51 8041
18 54 8204
18 57 9656
18 59 8365
18 64 8021
18 65 9852
18 66 8639
18 67 9365
18 68 9177
18 70 8397
18 71 9852
18 72 8547
18 74 9433
18 76 8816
18 77 9170
18 83 8501
18 99 8729
19 2 8408
19 6 8431
19 9 8717
19 14 8097
19 15 8300
19 16 8401
19 17 9881
19 18 8787
19 21 9690
19 23 8696
19 38 8022
19 43 9463
19 44 9937
19 47 9901
19 55 9448
19 59 9254
19 62 8970
19 67 8609
19 81 9245
19 86 9107
19 87 8026
19 89 9216
19 90 8996
19 91 8616
19 94 9392
19 95 8875
20 1 8529
20 2 9907
20 3 8606
20 4 8408
20 10 9412
20 12 9359
20 14 9479
20 15 9066
20 28 9448
20 34 8566
20 35 9909
20 37 8594
20 38 8451
20 41 8280
20 45 8174
20 48 9194
20 54 8798
20 58 9002
20 60 8359
20 61 9698
20 62 9385
20 64 8950
20 67 8334
20 68 9539
20 69 8473
20 72 8787
20 73 8535
20 77 8988
20 81 8124
20 82 8388
20 94 8293
20 95 8305
21 3 8036
21 9 9663
21 11 9636
21 15 8888
21 16 9095
21 17 8650
21 19 9690
21 23 9115
21 31 8016
21 35 9155
21 36 9720
21 40 8135
21 50 8867
21 57 8379
21 58 8504
21 62 9685
21 64 9284
21 66 9862
21 68 9748
21 74 9795
21 89 9527
21 92 8063
21 93 9165
21 96 9040
22 11 9316
22 12 8727
22 15 9910
22 16 8222
22 27 9415
22 28 9791
22 31 9440
22 32 9135
22 33 9550
22 35 8537
22 37 9703
22 38 9517
22 42 8467
22 43 9298
22 45 8377
22 50 9456
22 51 8773
22 54 9512
22 57 8954
22 59 8713
22 60 9984
22 69 8874
22 71 8032
22 73 8156
22 75 8591
22 78 9298
22 84 9695
22 88 8737
22 90 8468
22 91 9376
22 93 9121
23 1 9487
23 6 8629
23 8 8020
23 16 9958
23 19 8696
23 21 9115
23 25 9172
23 27 8841
23 29 9883
23 31 8994
23 40 9358
23 48 9860
23 56 9790
23 58 8783
23 71 9423
23 82 8365
23 85 8381
23 91 9421
24 1 8986
24 4 9155
24 7 8629
24 8 9751
24 10 8204
24 27 9612
24 33 8760
24 36 9049
24 38 9886
24 39 8184
24 44 9967
24 46 8203
24 47 9890
24 48 8277
24 49 9303
24 50 8169
24 54 9016
24 56 8368
24 58 9752
24 59 9927
24 63 9525
24 66 9166
24 72 9589
24 73 8571
24 77 9941
24 78 8171
24 90 9029
24 92 9768
24 97 9327
25 3 8636
25 5 8402
25 10 9154
25 11 8288
25 12 8335
25 23 9172
25 26 8949
25 27 8497
25 34 8104
25 35 8474
25 36 8255
25 42 8555
25 45 8376
25 51 8363
25 54 8998
25 58 8866
25 62 9275
25 65 9203
25 67 9155
25 73 8554
25 76 8226
25 78 8009
25 82 8936
25 84 9316
25 88 8139
25 96 8806
25 97 9335
26 1 9634
26 2 9934
26 5 9428
26 6 8100
26 9 9881
26 10 8762
26 14 9829
26 25 8949
26 31 8602
26 35 9567
26 43 8857
26 47 9295
26 48 9013
26 50 9022
26 51 8178
26 54 8329
26 55 8669
26 56 8085
26 57 8039
26 61 8870
26 63 9536
26 64 9838
26 70 8324
26 71 9589
26 77 9961
26 78 9420
26 85 9744
26 87 8573
26 88 9942
27 1 8015
27 8 8356
27 11 8884
27 14 8710
27 15 9455
27 22 9415
27 23 8841
27 24 9612
27 25 8497
27 28 8065
27 29 9713
27 35 8701
27 37 9507
27 43 8482
27 45 8240
27 48 8105
27 50 8331
27 53 8108
27 54 8628
27 58 9522
27 68 9476
27 69 8757
27 71 8373
27 78 9871
27 80 8551
27 81 9722
27 82 9342
27 93 9391
27 99 9534
28 3 8514
28 5 9375
28 8 9738
28 10 8223
28 13 8978
28 15 8683
28 16 9203
28 20 9448
28 22 9791
28 27 8065
28 29 9538
28 31 8851
28 35 9141
28 37 9780
28 38 8238
28 43 9179
28 50 9832
28 52 8957
28 56 8419
28 58 9460
28 60 9300
28 64 9652
28 65 9776
28 69 8476
28 70 9194
28 71 8168
28 74 9719
28 79 9003
28 80 9641
28 81 9798
28 83 9365
28 87 8094
28 92 9676
28 95 9482
28 98 9035
28 99 8196
29 5 9318
29 6 9944
29 8 8008
29 12 8973
29 15 8531
29 17 9815
29 23 9883
29 27 9713
29 28 9538
29 32 8575
29 34 9873
29 39 8580
29 42 8838
29 43 8037
29 45 8557
29 50 8101
29 52 9008
29 53 8106
29 54 8371
29 63 8080
29 66 8070
29 67 8667
29 69 8849
29 77 8675
29 78 8667
29 80 8899
29 81 8171
29 83 9060
29 95 8591
29 97 9815
29 98 8103
30 5 8666
30 7 8641
30 8 9393
30 10 8406
30 13 9089
30 17 8067
30 33 9030
30 38 8130
30 44 9273
30 50 8699
30 51 9072
30 53 8074
30 54 8651
30 59 9213
30 60 8129
30 61 9775
30 63 8418
30 65 9871
30 66 9063
30 69 9542
30 70 9167
30 71 9196
30 73 8343
30 78 8501
30 85 8072
30 90 9188
30 92 8835
30 95 9297
30 97 9423
31 1 8216
31 3 8187
31 6 8290
31 7 9187
31 9 8701
31 10 8223
31 12 8852
31 13 9631
31 15 9795
31 16 9029
31 18 9146
31 21 8016
31 22 9440
31 23 8994
31 26 8602
31 28 8851
31 32 9400
31 34 9839
31 36 8898
31 39 9813
31 43 9197
31 44 9231
31 45 8274
31 48 9366
31 50 9038
31 56 8460
31 60 8258
31 61 8097
31 63 9974
31 65 8364
31 73 8559
31 81 8346
31 83 8183
31 84 8092
31 87 8365
31 99 8912
32 2 9360
32 5 9845
32 7 9206
32 9 9773
32 10 9610
32 11 8871
32 14 9865
32 15 9740
32 18 9039
32 22 9135
32 29 8575
32 31 9400
32 33 9339
32 35 9661
32 36 8578
32 37 8317
32 38 9134
32 39 8656
32 40 8732
32 41 9170
32 43 9038
32 53 8504
32 59 8375
32 63 9787
32 65 9624
32 66 8935
32 67 8632
32 69 9528
32 74 8393
32 77 8239
32 83 8358
32 85 8737
32 86 8466
32 89 8100
32 91 8528
32 92 8218
32 93 8215
32 98 9628
33 5 9317
33 8 8406
33 13 8229
33 17 9643
33 18 9448
33 22 9550
33 24 8760
33 30 9030
33 32 9339
33 34 8468
33 37 8529
33 40 8353
33 41 9886
33 45 9242
33 46 9799
33 50 8819
33 52 9702
33 53 8519
33 58 9537
33 65 9878
33 66 8780
33 68 9745
33 73 8371
33 76 8583
33 78 9747
33 80 8902
33 86 9228
33 89 8439
33 90 9937
33 91 8227
33 92 9078
33 94 8049
34 6 8552
34 10 8690
34 11 8723
34 15 9891
34 16 8995
34 20 8566
34 25 8104
34 29 9873
34 31 9839
34 33 8468
34 35 9406
34 38 9610
34 40 9222
34 41 9774
34 44 9888
34 47 9032
34 66 9112
34 70 8418
34 74 9900
34 78 9588
34 79 9000
34 82 8177
34 85 9053
34 87 9620
34 90 8682
34 91 8557
34 93 9171
34 95 8266
35 10 8309
35 20 9909
35 21 9155
35 22 8537
35 25 8474
35 26 9567
35 27 8701
35 28 9141
35 32 9661
35 34 9406
35 36 9072
35 37 9321
35 40 8604
35 51 8197
35 53 8393
35 55 8694
35 66 8063
35 71 9540
35 86 8236
35 90 9335
35 99 8552
36 8 8625
36 9 8693
36 21 9720
36 24 9049
36 25 8255
36 31 8898
36 32 8578
36 35 9072
36 37 9407
36 38 9035
36 40 9515
36 47 8609
36 63 8921
36 65 8075
36 68 8988
36 73 9407
36 75 8032
36 76 8024
36 77 8098
36 79 8441
36 80 9640
36 84 8780
36 85 9162
36 87 8490
36 90 9224
36 91 8807
36 92 9420
37 5 8679
37 6 9461
37 8 9732
37 11 9213
37 13 9250
37 16 9131
37 20 8594
37 22 9703
37 27 9507
37 28 9780
37 32 8317
37 33 8529
37 35 9321
37 36 9407
37 40 9557
37 41 9578
37 42 9511
37 44 9499
37 49 9917
37 50 8710
37 51 8629
37 57 9048
37 58 9996
37 59 8101
37 60 8492
37 61 8730
37 62 8234
37 63 8084
37 67 8777
37 69 9874
37 70 8117
37 75 8895
37 85 8329
37 93 8652
37 94 8385
37 98 9389
38 3 9015
38 4 9316
38 5 8379
38 17 8442
38 19 8022
38 20 8451
38 22 9517
38 24 9886
38 28 8238
38 30 8130
38 32 9134
38 34 9610
38 36 9035
38 41 8913
38 42 8116
38 44 8713
38 46 8161
38 48 9531
38 49 8904
38 50 9130
38 51 9275
38 58 9557
38 59 8032
38 65 8031
38 71 9753
38 72 9692
38 76 8056
38 80 9409
38 83 8912
38 84 8577
38 86 8916
38 89 8760
38 90 8146
38 96 8703
38 97 9063
38 98 8340
39 9 9646
39 12 9118
39 16 9111
39 24 8184
39 29 8580
39 31 9813
39 32 8656
39 41 9153
39 42 8924
39 44 8869
39 46 8783
39 47 9264
39 48 8315
39 49 8427
39 50 9362
39 53 8181
39 55 8972
39 56 9258
39 59 8126
39 65 8754
39 66 9431
39 74 8391
39 77 9253
39 80 9118
39 82 8750
39 84 9654
39 85 9134
39 88 8437
39 92 8659
40 1 9688
40 2 9203
40 3 8418
40 9 8087
40 11 8108
40 13 8676
40 21 8135
40 23 9358
40 32 8732
40 33 8353
40 34 9222
40 35 8604
40 36 9515
40 37 9557
40 43 8456
40 44 8757
40 49 9341
40 59 8933
40 61 9305
40 63 9441
40 65 9789
40 69 9530
40 72 8122
40 73 8518
40 79 8925
40 81 8181
40 82 8227
40 86 8133
40 88 9679
40 89 8831
40 96 8337
40 98 8230
41 4 8052
41 6 8667
41 9 8429
41 15 9824
41 20 8280
41 32 9170
41 33 9886
41 34 9774
41 37 9578
41 38 8913
41 39 9153
41 43 8189
41 46 8400
41 49 8379
41 55 9480
41 66 9818
41 67 8985
41 70 8232
41 74 8471
41 77 8653
41 83 8398
41 85 9345
42 1 9818
42 6 8826
42 22 8467
42 25 8555
42 29 8838
42 37 9511
42 38 8116
42 39 8924
42 49 8586
42 51 8092
42 54 9687
42 55 8251
42 57 9231
42 59 9086
42 60 8330
42 61 9035
42 63 8689
42 70 8444
42 75 9631
42 76 9201
42 77 8324
42 80 8519
42 82 8998
42 85 8170
42 86 9483
42 92 8130
42 93 9255
42 98 9622
43 6 8303
43 10 9317
43 18 8995
43 19 9463
43 22 9298
43 26 8857
43 27 8482
43 28 9179
43 29 8037
43 31 9197
43 32 9038
43 40 8456
43 41 8189
43 54 9699
43 55 8827
43 56 8713
43 57 9059
43 58 9068
43 63 8462
43 71 8685
43 74 9321
43 77 8879
43 83 8649
43 85 9584
43 86 8492
43 88 9192
43 89 9904
43 92 9929
43 94 9393
43 96 8949
43 97 8070
44 6 8092
44 9 8410
44 13 9311
44 19 9937
44 24 9967
44 30 9273
44 31 9231
44 34 9888
44 37 9499
44 38 8713
44 39 8869
44 40 8757
44 50 9706
44 51 9327
44 54 9454
44 57 8601
44 59 8393
44 62 8014
44 73 8168
44 74 8962
44 78 9229
44 82 8820
44 89 9286
44 90 9847
44 94 8533
44 95 8596
44 97 9720
45 1 9145
45 5 9933
45 6 8013
45 7 8644
45 10 8669
45 11 8377
45 12 8180
45 20 8174
45 22 8377
45 25 8376
45 27 8240
45 29 8557
45 31 8274
45 33 9242
45 52 9823
45 53 8207
45 55 8386
45 62 9482
45 69 9333
45 72 8415
45 77 8890
45 87 9129
45 89 8669
45 91 8736
45 94 8521
45 98 8526
45 99 8913
46 2 8288
46 7 8417
46 9 8491
46 10 9803
46 18 9575
46 24 8203
46 33 9799
46 38 8161
46 39 8783
46 41 8400
46 61 9851
46 70 8088
46 72 8584
46 73 8134
46 74 9421
46 75 9229
46 76 8475
46 77 9413
46 81 9599
46 83 8364
46 84 8927
46 86 9366
46 87 9055
46 90 8369
46 91 9433
46 95 8076
46 96 8322
46 98 8503
47 1 8549
47 2 8265
47 6 9047
47 7 8572
47 9 9867
47 12 9747
47 14 8819
47 15 8234
47 18 9989
47 19 9901
47 24 9890
47 26 9295
47 34 9032
47 36 8609
47 39 9264
47 49 9526
47 63 8326
47 64 9055
47 76 9265
47 77 8679
47 78 8782
47 84 9199
47 85 8050
47 87 8011
47 90 8752
47 96 9380
47 99 9343
48 4 9804
48 7 9900
48 18 8116
48 20 9194
48 23 9860
48 24 8277
48 26 9013
48 27 8105
48 31 9366
48 38 9531
48 39 8315
48 50 8352
48 51 9803
48 52 8934
48 54 9692
48 56 8582
48 62 9159
48 63 8775
48 64 8389
48 69 8343
48 72 9998
48 74 8198
48 75 9512
48 77 8728
48 79 8544
48 88 9541
48 90 9328
48 93 8869
49 3 9993
49 9 8765
49 11 8799
49 13 9863
49 15 8665
49 16 9872
49 24 9303
49 37 9917
49 38 8904
49 39 8427
49 40 9341
49 41 8379
49 42 8586
49 47 9526
49 55 8651
49 60 9493
49 64 8981
49 67 9733
49 72 9939
49 80 8437
49 81 9580
49 83 9718
49 86 9580
49 94 9208
49 95 9342
50 2 9500
50 9 9468
50 13 8923
50 14 8600
50 18 8988
50 21 8867
50 22 9456
50 24 8169
50 26 9022
50 27 8331
50 28 9832
50 29 8101
50 30 8699
50 31 9038
50 33 8819
50 37 8710
50 38 9130
50 39 9362
50 44 9706
50 48 8352
50 52 9013
50 55 9940
50 57 9379
50 58 8227
50 60 9227
50 61 9510
50 62 9103
50 68 8087
50 70 8150
50 72 8782
50 75 8916
50 83 8507
50 84 9334
50 85 8896
50 86 9948
50 89 9745
50 94 8716
50 95 8376
50 98 8816
50 99 9155
51 1 9987
51 4 8365
51 5 8049
51 6 8242
51 7 8938
51 10 9554
51 11 9035
51 12 9362
51 13 8608
51 15 8140
51 18 8041
51 22 8773
51 25 8363
51 26 8178
51 30 9072
51 35 8197
51 37 8629
51 38 9275
51 42 8092
51 44 9327
51 48 9803
51 52 8240
51 58 9321
51 60 8847
51 73 9426
51 76 9212
51 77 8295
51 81 9627
51 84 8240
51 89 8004
51 91 8190
51 95 8226
51 97 8802
52 3 8152
52 6 9790
52 8 8666
52 9 9693
52 15 9239
52 28 8957
52 29 9008
52 33 9702
52 45 9823
52 48 8934
52 50 9013
52 51 8240
52 56 8145
52 58 8302
52 62 8005
52 63 8827
52 64 8292
52 66 9725
52 68 9748
52 78 9252
52 82 9878
52 83 8114
53 1 9001
53 2 9878
53 3 9356
53 11 8082
53 13 9931
53 27 8108
53 29 8106
53 30 8074
53 32 8504
53 33 8519
53 35 8393
53 39 8181
53 45 8207
53 55 8281
53 57 8023
53 58 8135
53 65 9836
53 67 8242
53 68 8582
53 70 8835
53 72 9762
53 73 9948
53 82 9913
53 85 9491
53 88 8099
53 89 8304
54 2 9167
54 3 8082
54 4 9135
54 6 9780
54 8 9736
54 11 9563
54 13 9487
54 15 9854
54 16 9256
54 18 8204
54 20 8798
54 22 9512
54 24 9016
54 25 8998
54 26 8329
54 27 8628
54 29 8371
54 30 8651
54 42 9687
54 43 9699
54 44 9454
54 48 9692
54 56 8772
54 57 8737
54 59 8735
54 63 9738
54 64 8231
54 67 8825
54 68 9696
54 73 8019
54 76 8369
54 81 9493
54 83 8468
54 86 8840
54 87 8867
54 89 8719
54 90 9877
54 91 8491
55 5 8152
55 11 8107
55 12 9502
55 14 9781
55 15 8861
55 16 8321
55 19 9448
55 26 8669
55 35 8694
55 39 8972
55 41 9480
55 42 8251
55 43 8827
55 45 8386
55 49 8651
55 50 9940
55 53 8281
55 63 8422
55 65 8680
55 69 8429
55 72 9853
55 73 9810
55 77 9568
55 78 9909
55 81 9004
55 82 8298
55 83 9227
55 91 9362
55 94 8046
55 96 8814
56 3 8426
56 4 9236
56 7 9365
56 9 9765
56 16 9920
56 17 8368
56 23 9790
56 24 8368
56 26 8085
56 28 8419
56 31 8460
56 39 9258
56 43 8713
56 48 8582
56 52 8145
56 54 8772
56 58 9478
56 60 9677
56 69 9959
56 71 8724
56 75 8012
56 87 8691
57 1 8739
57 2 9463
57 6 9785
57 15 8246
57 16 9375
57 17 9180
57 18 9656
57 21 8379
57 22 8954
57 26 8039
57 37 9048
57 42 9231
57 43 9059
57 44 8601
57 50 9379
57 53 8023
57 54 8737
57 58 8517
57 62 8296
57 65 9813
57 66 8892
57 68 9467
57 69 8721
57 70 8193
57 71 9837
57 72 8228
57 82 8355
57 85 8658
57 88 9975
57 92 8510
57 93 8308
57 95 8533
57 96 8616
58 2 8610
58 10 8020
58 12 8932
58 13 9548
58 20 9002
58 21 8504
58 23 8783
58 24 9752
58 25 8866
58 27 9522
58 28 9460
58 33 9537
58 37 9996
58 38 9557
58 43 9068
58 50 8227
58 51 9321
58 52 8302
58 53 8135
58 56 9478
58 57 8517
58 59 9478
58 65 9197
58 67 8007
58 70 8909
58 72 9374
58 75 9754
58 77 9155
58 80 9549
58 84 8356
58 85 8214
58 86 8204
58 96 8021
58 97 8340
58 98 8869
58 99 8505
59 2 9035
59 4 9226
59 9 8456
59 10 8850
59 11 8859
59 18 8365
59 19 9254
59 22 8713
59 24 9927
59 30 9213
59 32 8375
59 37 8101
59 38 8032
59 39 8126
59 40 8933
59 42 9086
59 44 8393
59 54 8735
59 58 9478
59 60 8013
59 62 8545
59 64 9119
59 71 9110
59 72 8741
59 76 8690
59 78 9366
59 87 9439
59 88 8555
59 90 8554
59 94 9915
59 95 8813
59 98 8033
60 5 8645
60 8 9888
60 13 8954
60 20 8359
60 22 9984
60 28 9300
60 30 8129
60 31 8258
60 37 8492
60 42 8330
60 49 9493
60 50 9227
60 51 8847
60 56 9677
60 59 8013
60 68 9300
60 74 9085
60 76 8007
60 77 9599
60 79 8428
60 86 8975
60 87 8667
60 89 9782
60 91 9999
60 92 8840
60 93 8173
60 95 9773
60 96 8878
61 1 9167
61 4 9762
61 6 8193
61 8 8353
61 15 9184
61 20 9698
61 26 8870
61 30 9775
61 31 8097
61 37 8730
61 40 9305
61 42 9035
61 46 9851
61 50 9510
61 70 8554
61 71 9522
61 75 8589
61 81 9519
61 92 8719
61 93 9430
61 94 8603
61 97 8204
61 98 9764
62 10 8027
62 12 8595
62 19 8970
62 20 9385
62 21 9685
62 25 9275
62 37 8234
62 44 8014
62 45 9482
62 48 9159
62 50 9103
62 52 8005
62 57 8296
62 59 8545
62 64 9855
62 72 9332
62 74 9260
62 76 9990
62 77 8045
62 79 9759
62 80 8130
62 81 9269
62 83 9539
62 85 9749
62 87 8484
62 89 9659
63 6 9511
63 8 9660
63 11 9809
63 15 8121
63 16 8505
63 24 9525
63 26 9536
63 29 8080
63 30 8418
63 31 9974
63 32 9787
63 36 8921
63 37 8084
63 40 9441
63 42 8689
63 43 8462
63 47 8326
63 48 8775
63 52 8827
63 54 9738
63 55 8422
63 75 8521
63 78 8407
63 81 9065
63 85 8920
63 87 8387
63 88 9128
63 91 9275
63 94 8164
63 97 9826
63 98 8581
64 1 9443
64 3 9819
64 9 9033
64 10 9379
64 16 9185
64 17 8286
64 18 8021
64 20 8950
64 21 9284
64 26 9838
64 28 9652
64 47 9055
64 48 8389
64 49 8981
64 52 8292
64 54 8231
64 59 9119
64 62 9855
64 67 8624
64 71 8901
64 73 9013
64 77 9513
64 84 8091
64 85 9099
64 88 8986
64 94 8159
65 1 9801
65 4 9895
65 9 9843
65 13 9342
65 15 9459
65 18 9852
65 25 9203
65 28 9776
65 30 9871
65 31 8364
65 32 9624
65 33 9878
65 36 8075
65 38 8031
65 39 8754
65 40 9789
65 53 9836
65 55 8680
65 57 9813
65 58 9197
65 71 9542
65 72 8102
65 75 9602
65 77 9458
65 78 8552
65 80 8916
65 82 9926
65 84 9503
65 87 9580
65 88 8863
65 96 8947
66 1 8921
66 4 8658
66 6 8361
66 12 9943
66 18 8639
66 21 9862
66 24 9166
66 29 8070
66 30 9063
66 32 8935
66 33 8780
66 34 9112
66 35 8063
66 39 9431
66 41 9818
66 52 9725
66 57 8892
66 67 9631
66 69 9440
66 70 9929
66 71 8397
66 72 8453
66 77 8500
66 83 8565
66 84 8504
66 88 8804
66 97 9957
66 98 8075
66 99 9796
67 1 8396
67 2 8996
67 6 9106
67 15 8620
67 18 9365
67 19 8609
67 20 8334
67 25 9155
67 29 8667
67 32 8632
67 37 8777
67 41 8985
67 49 9733
67 53 8242
67 54 8825
67 58 8007
67 64 8624
67 66 9631
67 74 8317
67 75 8816
67 90 8292
67 94 9932
67 97 9144
68 1 9807
68 2 8686
68 9 9403
68 10 9979
68 12 8878
68 13 8516
68 14 9490
68 16 9009
68 18 9177
68 20 9539
68 21 9748
68 27 9476
68 33 9745
68 36 8988
68 50 8087
68 52 9748
68 53 8582
68 54 9696
68 57 9467
68 60 9300
68 74 8915
68 78 8293
68 81 8362
68 95 9147
69 1 8984
69 5 8716
69 8 9894
69 9 8777
69 10 9033
69 12 9763
69 14 9277
69 15 8834
69 16 8768
69 17 9844
69 20 8473
69 22 8874
69 27 8757
69 28 8476
69 29 8849
69 30 9542
69 32 9528
69 37 9874
69 40 9530
69 45 9333
69 48 8343
69 55 8429
69 56 9959
69 57 8721
69 66 9440
69 72 8493
69 80 8499
69 83 9916
69 85 9845
69 87 8525
69 88 8439
69 91 9346
69 94 9504
69 95 8661
69 96 9971
70 4 9440
70 6 8904
70 8 9885
70 16 8460
70 17 9950
70 18 8397
70 26 8324
70 28 9194
70 30 9167
70 34 8418
70 37 8117
70 41 8232
70 42 8444
70 46 8088
70 50 8150
70 53 8835
70 57 8193
70 58 8909
70 61 8554
70 66 9929
70 72 8092
70 76 8412
70 79 8480
70 82 9903
70 86 8021
70 90 8112
70 91 8570
70 96 9159
71 2 8695
71 3 8965
71 8 9963
71 9 8772
71 11 9346
71 12 8788
71 18 9852
71 22 8032
71 23 9423
71 26 9589
71 27 8373
71 28 8168
71 30 9196
71 35 9540
71 38 9753
71 43 8685
71 56 8724
71 57 9837
71 59 9110
71 61 9522
71 64 8901
71 65 9542
71 66 8397
71 75 9637
71 76 9674
71 77 9899
71 80 8040
71 81 8460
71 82 9300
71 85 9792
71 89 9496
71 91 8903
71 95 9503
71 98 9192
72 3 9703
72 5 9114
72 8 8456
72 10 8155
72 11 9353
72 13 8890
72 15 8900
72 18 8547
72 20 8787
72 24 9589
72 38 9692
72 40 8122
72 45 8415
72 46 8584
72 48 9998
72 49 9939
72 50 8782
72 53 9762
72 55 9853
72 57 8228
72 58 9374
72 59 8741
72 62 9332
72 65 8102
72 66 8453
72 69 8493
72 70 8092
72 81 8989
72 82 9361
72 86 9087
72 88 8979
72 89 8303
72 98 8839
73 1 8451
73 5 9582
73 6 9064
73 8 9829
73 12 8222
73 13 8579
73 20 8535
73 22 8156
73 24 8571
73 25 8554
73 30 8343
73 31 8559
73 33 8371
73 36 9407
73 40 8518
73 44 8168
73 46 8134
73 51 9426
73 53 9948
73 54 8019
73 55 9810
73 64 9013
73 74 9922
73 76 8942
73 79 8097
73 81 8088
73 87 9409
73 88 9305
73 90 8925
73 93 9460
73 94 9422
73 95 9988
73 98 9653
74 1 9237
74 2 8229
74 4 9089
74 11 9824
74 13 9358
74 18 9433
74 21 9795
74 28 9719
74 32 8393
74 34 9900
74 39 8391
74 41 8471
74 43 9321
74 44 8962
74 46 9421
74 48 8198
74 60 9085
74 62 9260
74 67 8317
74 68 8915
74 73 9922
74 78 9362
74 80 8501
74 88 9031
74 91 8473
74 93 9118
74 96 8287
75 3 9579
75 6 9901
75 8 8421
75 11 9102
75 14 9459
75 22 8591
75 36 8032
75 37 8895
75 42 9631
75 46 9229
75 48 9512
75 50 8916
75 56 8012
75 58 9754
75 61 8589
75 63 8521
75 65 9602
75 67 8816
75 71 9637
75 79 8536
75 83 9854
75 87 9692
75 88 8811
75 89 9967
75 91 8153
75 93 9166
75 94 9625
75 95 9978
75 98 8893
76 1 9041
76 3 8878
76 5 9446
76 10 8648
76 12 9793
76 13 9823
76 18 8816
76 25 8226
76 33 8583
76 36 8024
76 38 8056
76 42 9201
76 46 8475
76 47 9265
76 51 9212
76 54 8369
76 59 8690
76 60 8007
76 62 9990
76 70 8412
76 71 9674
76 73 8942
76 77 8473
76 81 9154
76 84 8981
76 87 8500
76 92 8104
76 96 8822
76 97 9694
76 98 8684
76 99 9895
77 2 8669
77 4 9535
77 6 9844
77 18 9170
77 20 8988
77 24 9941
77 26 9961
77 29 8675
77 32 8239
77 36 8098
77 39 9253
77 41 8653
77 42 8324
77 43 8879
77 45 8890
77 46 9413
77 47 8679
77 48 8728
77 51 8295
77 55 9568
77 58 9155
77 60 9599
77 62 8045
77 64 9513
77 65 9458
77 66 8500
77 71 9899
77 76 8473
77 79 8375
77 84 8697
77 85 9632
77 87 9205
77 91 8342
77 93 8656
77 94 8897
77 97 9905
78 1 8196
78 2 8169
78 3 8062
78 8 8263
78 15 8760
78 22 9298
78 24 8171
78 25 8009
78 26 9420
78 27 9871
78 29 8667
78 30 8501
78 33 9747
78 34 9588
78 44 9229
78 47 8782
78 52 9252
78 55 9909
78 59 9366
78 63 8407
78 65 8552
78 68 8293
78 74 9362
78 81 8780
78 82 8222
78 83 8510
78 84 8711
78 86 9739
78 90 9491
78 92 9525
78 96 8722
78 97 9549
78 99 9081
79 1 8660
79 2 9838
79 3 9068
79 8 9047
79 14 8296
79 28 9003
79 34 9000
79 36 8441
79 40 8925
79 48 8544
79 60 8428
79 62 9759
79 70 8480
79 73 8097
79 75 8536
79 77 8375
79 84 9773
79 89 8939
79 97 9887
80 5 8124
80 8 9905
80 9 8525
80 10 9293
80 12 8851
80 14 8684
80 16 8685
80 27 8551
80 28 9641
80 29 8899
80 33 8902
80 36 9640
80 38 9409
80 39 9118
80 42 8519
80 49 8437
80 58 9549
80 62 8130
80 65 8916
80 69 8499
80 71 8040
80 74 8501
80 83 8974
80 85 8763
80 94 9735
80 96 9398
80 97 9708
80 99 8469
81 5 8457
81 9 9759
81 11 8762
81 15 8888
81 17 8783
81 19 9245
81 20 8124
81 27 9722
81 28 9798
81 29 8171
81 31 8346
81 40 8181
81 46 9599
81 49 9580
81 51 9627
81 54 9493
81 55 9004
81 61 9519
81 62 9269
81 63 9065
81 68 8362
81 71 8460
81 72 8989
81 73 8088
81 76 9154
81 78 8780
81 86 9234
81 89 8567
81 93 9355
81 95 8735
81 99 9550
82 2 8678
82 4 8252
82 6 9305
82 9 9135
82 16 9151
82 20 8388
82 23 8365
82 25 8936
82 27 9342
82 34 8177
82 39 8750
82 40 8227
82 42 8998
82 44 8820
82 52 9878
82 53 9913
82 55 8298
82 57 8355
82 65 9926
82 70 9903
82 71 9300
82 72 9361
82 78 8222
82 84 8347
82 88 8062
82 98 9043
82 99 9937
83 1 8513
83 2 8497
83 9 8948
83 16 9751
83 18 8501
83 28 9365
83 29 9060
83 31 8183
83 32 8358
83 38 8912
83 41 8398
83 43 8649
83 46 8364
83 49 9718
83 50 8507
83 52 8114
83 54 8468
83 55 9227
83 62 9539
83 66 8565
83 69 9916
83 75 9854
83 78 8510
83 80 8974
83 86 8874
83 88 8331
83 96 9449
84 5 8736
84 8 9616
84 14 9703
84 16 9053
84 22 9695
84 25 9316
84 31 8092
84 36 8780
84 38 8577
84 39 9654
84 46 8927
84 47 9199
84 50 9334
84 51 8240
84 58 8356
84 64 8091
84 65 9503
84 66 8504
84 76 8981
84 77 8697
84 78 8711
84 79 9773
84 82 8347
84 85 9269
84 88 9043
84 92 8078
84 97 9917
84 98 9317
84 99 9690
85 1 9166
85 4 9458
85 7 8342
85 9 8731
85 10 8684
85 11 9838
85 15 8241
85 16 8612
85 23 8381
85 26 9744
85 30 8072
85 32 8737
85 34 9053
85 36 9162
85 37 8329
85 39 9134
85 41 9345
85 42 8170
85 43 9584
85 47 8050
85 50 8896
85 53 9491
85 57 8658
85 58 8214
85 62 9749
85 63 8920
85 64 9099
85 69 9845
85 71 9792
85 77 9632
85 80 8763
85 84 9269
85 86 9788
85 87 8235
85 88 9520
85 93 8582
85 99 9283
86 1 8748
86 5 9827
86 7 9624
86 8 8480
86 9 8331
86 10 9219
86 12 8713
86 14 9399
86 16 8954
86 19 9107
86 32 8466
86 33 9228
86 35 8236
86 38 8916
86 40 8133
86 42 9483
86 43 8492
86 46 9366
86 49 9580
86 50 9948
86 54 8840
86 58 8204
86 60 8975
86 70 8021
86 72 9087
86 78 9739
86 81 9234
86 83 8874
86 85 9788
86 87 9670
86 90 9438
86 91 8815
86 93 8128
86 95 8772
87 1 9277
87 5 9596
87 9 8543
87 11 8774
87 12 9020
87 14 9371
87 19 8026
87 26 8573
87 28 8094
87 31 8365
87 34 9620
87 36 8490
87 45 9129
87 46 9055
87 47 8011
87 54 8867
87 56 8691
87 59 9439
87 60 8667
87 62 8484
87 63 8387
87 65 9580
87 69 8525
87 73 9409
87 75 9692
87 76 8500
87 77 9205
87 85 8235
87 86 9670
87 88 9033
87 89 9353
87 93 9634
87 94 8888
87 98 8664
87 99 9598
88 1 9065
88 2 9901
88 4 9169
88 9 8669
88 10 9623
88 22 8737
88 25 8139
88 26 9942
88 39 8437
88 40 9679
88 43 9192
88 48 9541
88 53 8099
88 57 9975
88 59 8555
88 63 9128
88 64 8986
88 65 8863
88 66 8804
88 69 8439
88 72 8979
88 73 9305
88 74 9031
88 75 8811
88 82 8062
88 83 8331
88 84 9043
88 85 9520
88 87 9033
88 89 8834
88 91 9050
88 92 8087
88 94 9628
88 97 8091
88 98 8562
88 99 8446
89 1 8011
89 4 8941
89 5 8114
89 9 9240
89 10 8672
89 19 9216
89 21 9527
89 32 8100
89 33 8439
89 38 8760
89 40 8831
89 43 9904
89 44 9286
89 45 8669
89 50 9745
89 51 8004
89 53 8304
89 54 8719
89 60 9782
89 62 9659
89 71 9496
89 72 8303
89 75 9967
89 79 8939
89 81 8567
89 87 9353
89 88 8834
89 92 9061
89 93 8564
89 94 9300
89 95 9070
90 3 8278
90 6 8140
90 7 8898
90 8 9978
90 19 8996
90 22 8468
90 24 9029
90 30 9188
90 33 9937
90 34 8682
90 35 9335
90 36 9224
90 38 8146
90 44 9847
90 46 8369
90 47 8752
90 48 9328
90 54 9877
90 59 8554
90 67 8292
90 70 8112
90 73 8925
90 78 9491
90 86 9438
90 91 9143
91 6 8202
91 13 9214
91 19 8616
91 22 9376
91 23 9421
91 32 8528
91 33 8227
91 34 8557
91 36 8807
91 45 8736
91 46 9433
91 51 8190
91 54 8491
91 55 9362
91 60 9999
91 63 9275
91 69 9346
91 70 8570
91 71 8903
91 74 8473
91 75 8153
91 77 8342
91 86 8815
91 88 9050
91 90 9143
92 1 8294
92 7 8170
92 8 8210
92 10 8736
92 12 8951
92 16 9872
92 21 8063
92 24 9768
92 28 9676
92 30 8835
92 32 8218
92 33 9078
92 36 9420
92 39 8659
92 42 8130
92 43 9929
92 57 8510
92 60 8840
92 61 8719
92 76 8104
92 78 9525
92 84 8078
92 88 8087
92 89 9061
92 97 8432
93 1 8735
93 2 9395
93 6 8265
93 10 9870
93 13 8848
93 14 9383
93 21 9165
93 22 9121
93 27 9391
93 32 8215
93 34 9171
93 37 8652
93 42 9255
93 48 8869
93 57 8308
93 60 8173
93 61 9430
93 73 9460
93 74 9118
93 75 9166
93 77 8656
93 81 9355
93 85 8582
93 86 8128
93 87 9634
93 89 8564
93 95 9293
93 98 8705
94 1 9553
94 2 8006
94 3 9752
94 4 9725
94 14 8507
94 19 9392
94 20 8293
94 33 8049
94 37 8385
94 43 9393
94 44 8533
94 45 8521
94 49 9208
94 50 8716
94 55 8046
94 59 9915
94 61 8603
94 63 8164
94 64 8159
94 67 9932
94 69 9504
94 73 9422
94 75 9625
94 77 8897
94 80 9735
94 87 8888
94 88 9628
94 89 9300
94 95 9884
94 97 8987
95 1 9243
95 3 9315
95 6 8025
95 10 9180
95 15 9042
95 17 9917
95 19 8875
95 20 8305
95 28 9482
95 29 8591
95 30 9297
95 34 8266
95 44 8596
95 46 8076
95 49 9342
95 50 8376
95 51 8226
95 57 8533
95 59 8813
95 60 9773
95 68 9147
95 69 8661
95 71 9503
95 73 9988
95 75 9978
95 81 8735
95 86 8772
95 89 9070
95 93 9293
95 94 9884
95 98 8114
96 3 9777
96 7 8102
96 9 9124
96 10 8114
96 11 9584
96 21 9040
96 25 8806
96 38 8703
96 40 8337
96 43 8949
96 46 8322
96 47 9380
96 55 8814
96 57 8616
96 58 8021
96 60 8878
96 65 8947
96 69 9971
96 70 9159
96 74 8287
96 76 8822
96 78 8722
96 80 9398
96 83 9449
96 97 8364
97 1 8438
97 4 9951
97 6 8732
97 8 9980
97 11 8129
97 24 9327
97 25 9335
97 29 9815
97 30 9423
97 38 9063
97 43 8070
97 44 9720
97 51 8802
97 58 8340
97 61 8204
97 63 9826
97 66 9957
97 67 9144
97 76 9694
97 77 9905
97 78 9549
97 79 9887
97 80 9708
97 84 9917
97 88 8091
97 92 8432
97 94 8987
97 96 8364
97 99 9004
98 3 8171
98 8 9283
98 13 9070
98 16 8091
98 28 9035
98 29 8103
98 32 9628
98 37 9389
98 38 8340
98 40 8230
98 42 9622
98 45 8526
98 46 8503
98 50 8816
98 58 8869
98 59 8033
98 61 9764
98 63 8581
98 66 8075
98 71 9192
98 72 8839
98 73 9653
98 75 8893
98 76 8684
98 82 9043
98 84 9317
98 87 8664
98 88 8562
98 93 8705
98 95 8114
6 t 9190
11 t 9107
16 t 9208
18 t 8729
27 t 9534
28 t 8196
31 t 8912
35 t 8552
45 t 8913
47 t 9343
50 t 9155
58 t 8505
66 t 9796
76 t 9895
78 t 9081
80 t 8469
81 t 9550
82 t 9937
84 t 9690
85 t 9283
87 t 9598
88 t 8446
97 t 9004
