s 2 7536
s 4 1354
s 7 7336
s 15 4566
s 20 931
s 23 5891
s 26 9923
s 28 8102
s 30 1006
s 33 2329
s 37 5405
s 38 2492
s 41 1852
s 44 5306
s 49 466
s 55 999
s 58 3468
s 60 1398
s 64 9953
s 67 7484
s 69 8400
s 70 6632
s 74 6672
s 75 4363
s 77 2853
s 81 1596
s 84 2479
s 88 2728
s 96 4046
1 2 242
1 6 6861
1 10 9091
1 13 9529
1 15 1526
1 19 9054
1 20 2565
1 21 6177
1 27 8254
1 30 7072
1 32 1518
1 35 8658
1 38 4824
1 42 7552
1 46 6618
1 47 1738
1 50 2656
1 53 9237
1 55 2332
1 56 9904
1 58 7241
1 60 5424
1 62 7030
1 64 8667
1 68 7540
1 73 1069
1 75 4291
1 81 3632
1 83 5269
1 84 5735
1 86 7471
1 87 1625
1 88 4691
1 90 5115
1 93 3844
1 97 4753
2 1 242
2 4 5978
2 12 5474
2 13 5023
2 21 9608
2 25 911
2 27 1403
2 29 8409
2 36 208
2 41 8252
2 50 4676
2 57 1675
2 58 1164
2 60 5771
2 63 1936
2 75 4632
2 78 9552
2 79 9919
2 84 8672
2 86 5291
2 87 7531
2 92 6195
2 94 3201
2 99 5457
3 9 6876
3 10 9785
3 13 9783
3 14 9321
3 22 5171
3 31 2372
3 33 6631
3 36 3021
3 46 8304
3 52 4779
3 53 9975
3 58 3340
3 59 3858
3 62 5108
3 63 5876
3 65 6535
3 67 3215
3 75 4863
3 77 7303
3 78 9682
3 80 1451
3 81 2256
3 85 9420
3 86 4111
3 89 9646
3 91 6099
3 96 6805
4 2 5978
4 10 2831
4 12 3137
4 16 7192
4 19 7722
4 24 8531
4 25 2293
4 36 626
4 39 3360
4 40 4912
4 49 5732
4 53 9292
4 58 6780
4 63 3687
4 64 3911
4 66 5798
4 68 4254
4 69 6242
4 70 1385
4 72 6290
4 75 6925
4 78 9541
4 80 4947
4 81 2931
4 82 752
4 85 4570
4 86 4866
4 88 2695
4 89 2837
4 90 8492
4 93 3866
4 95 9025
4 96 3540
5 14 7873
5 19 8748
5 25 6030
5 27 5178
5 30 6272
5 42 1338
5 48 1099
5 49 2735
5 63 9353
5 67 6685
5 69 4116
5 71 6158
5 78 5256
5 80 5265
5 81 3392
5 83 1517
5 84 7040
5 85 9107
5 88 5446
5 91 4900
5 95 5319
5 98 5852
6 1 6861
6 11 7526
6 12 9181
6 15 4906
6 21 5881
6 30 5230
6 37 1259
6 44 5402
6 46 8694
6 49 9875
6 52 3340
6 58 7371
6 59 1272
6 60 3520
6 61 9792
6 64 7334
6 67 1725
6 69 2082
6 73 4853
6 74 3696
6 75 3066
6 80 8998
6 82 3167
6 88 4618
6 91 9776
6 93 3268
7 21 7106
7 22 255
7 32 4182
7 34 4712
7 36 4561
7 39 9770
7 50 1222
7 64 8072
7 69 9247
7 72 6744
7 73 5105
7 82 2905
7 83 6042
7 85 341
7 87 7342
7 89 7856
7 92 3379
7 94 631
7 96 5287
7 99 8731
8 10 9801
8 13 9107
8 22 7146
8 26 8037
8 27 3275
8 32 6814
8 35 230
8 36 5570
8 39 110
8 41 9350
8 43 3328
8 48 3119
8 53 7017
8 55 4105
8 56 8517
8 59 6019
8 62 9880
8 64 7938
8 74 8893
8 78 9859
8 79 328
8 80 6463
8 82 200
8 88 1299
8 89 8743
8 92 5928
8 94 5129
8 96 5550
9 3 6876
9 11 9953
9 13 1647
9 27 2943
9 36 5789
9 39 950
9 41 6426
9 42 9792
9 44 1532
9 49 7856
9 54 9554
9 56 3214
9 60 666
9 63 6564
9 64 5004
9 65 2775
9 69 2581
9 70 5234
9 73 4194
9 78 1832
9 79 2788
9 84 5943
9 85 5312
9 90 9126
9 95 4487
9 97 797
10 1 9091
10 3 9785
10 4 2831
10 8 9801
10 32 4619
10 35 638
10 39 1732
10 40 4023
10 41 4697
10 44 7166
10 46 571
10 48 6044
10 50 2928
10 51 6026
10 53 5197
10 60 8748
10 62 1260
10 64 5518
10 78 5231
10 80 3885
10 83 1031
10 85 5285
10 86 9257
10 87 6722
10 88 9352
10 93 7935
10 94 1459
10 97 8924
10 98 9612
11 6 7526
11 9 9953
11 15 2955
11 18 2429
11 25 5286
11 27 4132
11 31 4953
11 33 1396
11 34 9125
11 35 9210
11 43 5826
11 53 9434
11 56 8259
11 60 3976
11 61 6533
11 62 795
11 64 5979
11 65 4192
11 67 6666
11 69 3146
11 86 5879
11 95 6764
11 96 9180
12 2 5474
12 4 3137
12 6 9181
12 13 9414
12 15 6857
12 16 2771
12 20 7217
12 23 1415
12 24 8475
12 28 1360
12 34 6947
12 36 5032
12 38 4010
12 39 8804
12 44 7366
12 46 9455
12 48 2787
12 53 9329
12 55 1063
12 56 6010
12 57 7395
12 60 6140
12 62 3213
12 66 1249
12 72 8964
12 79 1268
12 81 1153
12 83 3239
12 88 3859
12 93 601
13 1 9529
13 2 5023
13 3 9783
13 8 9107
13 9 1647
13 12 9414
13 15 7902
13 16 245
13 23 4784
13 28 6205
13 34 3579
13 36 9425
13 41 2965
13 48 8331
13 57 3756
13 62 1170
13 64 3558
13 68 4764
13 71 7569
13 72 2435
13 77 4960
13 79 3586
13 80 9162
13 81 9238
13 82 1301
13 86 3926
13 88 9901
13 89 354
13 90 5038
13 91 5863
13 94 2430
13 95 988
13 99 7012
14 3 9321
14 5 7873
14 16 4889
14 17 8364
14 24 2154
14 29 8614
14 34 6500
14 38 6391
14 43 8251
14 47 664
14 50 3446
14 51 7186
14 57 7065
14 58 6752
14 59 9590
14 62 4929
14 63 9467
14 64 4195
14 67 5151
14 69 6637
14 70 2374
14 73 144
14 76 8749
14 78 9096
14 79 544
14 82 7899
14 83 9815
14 86 5328
14 88 6613
14 90 8112
15 1 1526
15 6 4906
15 11 2955
15 12 6857
15 13 7902
15 17 1362
15 21 957
15 30 8960
15 31 2410
15 34 412
15 35 7152
15 36 8368
15 39 8861
15 44 6620
15 45 983
15 51 7755
15 52 5182
15 54 3250
15 59 7277
15 60 7058
15 62 8304
15 67 4933
15 69 4185
15 74 9669
15 82 7109
15 83 5292
15 85 5561
15 87 2464
15 88 3973
15 96 2545
15 97 9026
15 99 2305
16 4 7192
16 12 2771
16 13 245
16 14 4889
16 17 2403
16 20 236
16 24 8610
16 25 6107
16 27 5206
16 32 7231
16 36 6195
16 38 1490
16 40 8099
16 42 891
16 44 5506
16 45 2403
16 47 2490
16 50 1891
16 53 1927
16 55 210
16 56 8777
16 61 7214
16 62 6628
16 65 7907
16 74 5873
16 75 2094
16 77 8905
16 79 6306
16 82 3130
16 83 2576
16 84 7479
16 89 1102
16 90 4600
16 91 561
16 92 9108
16 94 1691
16 95 3400
16 98 3981
16 99 7684
17 14 8364
17 15 1362
17 16 2403
17 18 8485
17 24 4408
17 34 8225
17 37 9227
17 41 3761
17 42 7637
17 46 9485
17 48 5293
17 51 9941
17 52 171
17 62 7714
17 64 8157
17 65 7617
17 66 6062
17 74 1406
17 78 2246
17 80 7820
17 90 6079
17 91 2125
17 92 384
17 93 5182
17 94 7571
17 95 3718
17 97 7941
18 11 2429
18 17 8485
18 21 1535
18 22 7328
18 29 2910
18 36 1378
18 38 4988
18 44 2650
18 49 6049
18 52 9567
18 60 2559
18 62 1186
18 64 5110
18 65 9498
18 73 1801
18 77 7972
18 79 3644
18 84 4627
18 89 8271
18 91 253
18 96 6964
19 1 9054
19 4 7722
19 5 8748
19 22 8129
19 24 9281
19 25 8088
19 26 6538
19 28 7129
19 30 4795
19 33 1695
19 35 589
19 44 4766
19 49 7142
19 57 3446
19 58 1688
19 59 366
19 60 3211
19 63 6350
19 64 2730
19 69 1700
19 70 4179
19 72 781
19 77 660
19 79 6852
19 83 9344
19 87 2688
19 94 2746
19 95 9779
19 96 9315
19 97 5607
19 99 8031
20 1 2565
20 12 7217
20 16 236
20 26 7213
20 27 6075
20 28 3031
20 31 6313
20 36 232
20 38 1290
20 42 4200
20 56 2429
20 57 6828
20 59 8362
20 67 6093
20 72 8479
20 75 8031
20 83 7610
20 87 8800
20 88 9997
20 90 5953
20 93 8130
20 94 4336
20 95 253
20 96 5318
20 97 4316
21 1 6177
21 2 9608
21 6 5881
21 7 7106
21 15 957
21 18 1535
21 26 5628
21 28 7821
21 35 6654
21 37 5358
21 45 1485
21 50 4192
21 52 2425
21 56 6099
21 58 1597
21 60 9198
21 65 6760
21 78 9325
21 82 9640
21 84 8735
21 89 8007
22 3 5171
22 7 255
22 8 7146
22 18 7328
22 19 8129
22 30 925
22 32 7929
22 33 589
22 34 3541
22 36 988
22 38 7372
22 42 4727
22 43 1084
22 49 7609
22 53 231
22 58 9845
22 59 7295
22 60 7342
22 63 1141
22 67 3845
22 72 2493
22 77 9763
22 78 9688
22 79 8853
22 82 5211
22 89 7492
22 90 543
22 91 8716
22 96 2145
23 12 1415
23 13 4784
23 24 339
23 27 2505
23 31 3826
23 41 6326
23 43 3209
23 45 7069
23 49 3526
23 58 7386
23 62 6416
23 66 5847
23 68 4112
23 70 9988
23 71 8307
23 73 3758
23 75 9865
23 76 523
23 79 6972
23 80 6651
23 91 6906
23 93 5299
23 95 1330
23 96 5536
23 97 8757
23 98 2077
24 4 8531
24 12 8475
24 14 2154
24 16 8610
24 17 4408
24 19 9281
24 23 339
24 29 1524
24 31 6984
24 32 1500
24 34 7325
24 36 4450
24 37 6337
24 42 3462
24 44 9329
24 50 8391
24 51 2393
24 54 4412
24 60 7955
24 64 1202
24 67 8567
24 68 6573
24 69 9355
24 72 3322
24 74 1120
24 80 1722
24 81 3063
24 84 295
24 93 8518
24 97 2436
25 2 911
25 4 2293
25 5 6030
25 11 5286
25 16 6107
25 19 8088
25 27 4790
25 29 5273
25 32 1661
25 35 8628
25 36 1335
25 38 9713
25 39 261
25 43 5515
25 48 7363
25 50 5489
25 51 5136
25 52 9423
25 53 4210
25 59 8105
25 62 180
25 63 4113
25 65 8236
25 68 2591
25 74 7018
25 75 9006
25 80 6743
25 82 7241
25 83 6118
25 84 1829
25 89 5122
25 90 7876
25 93 7632
25 95 8346
25 98 9196
25 99 4309
26 8 8037
26 19 6538
26 20 7213
26 21 5628
26 28 8957
26 32 5888
26 35 5907
26 36 8385
26 40 2193
26 47 8576
26 53 4328
26 65 7951
26 74 529
26 75 8115
26 78 3348
26 79 8806
26 80 4325
26 87 4132
26 94 8685
26 96 9981
26 98 7712
26 99 6118
27 1 8254
27 2 1403
27 5 5178
27 8 3275
27 9 2943
27 11 4132
27 16 5206
27 20 6075
27 23 2505
27 25 4790
27 32 2807
27 34 1037
27 35 7107
27 37 3771
27 42 8285
27 43 6950
27 48 3682
27 49 5009
27 52 714
27 58 5975
27 61 1219
27 62 2727
27 63 3338
27 69 4667
27 70 8556
27 72 810
27 75 9749
27 77 704
27 78 9868
27 79 4715
27 80 7578
27 81 947
27 83 8634
27 87 3752
27 90 1464
27 91 4370
27 93 9016
27 98 1742
28 12 1360
28 13 6205
28 19 7129
28 20 3031
28 21 7821
28 26 8957
28 29 6622
28 30 6903
28 34 4693
28 35 2311
28 37 3949
28 38 2927
28 42 7532
28 52 9520
28 67 2096
28 68 6553
28 72 240
28 80 6186
28 85 253
28 93 8134
28 94 9647
29 2 8409
29 14 8614
29 18 2910
29 24 1524
29 25 5273
29 28 6622
29 30 2734
29 42 393
29 44 4193
29 45 7440
29 47 3872
29 54 6909
29 62 550
29 63 8918
29 65 3470
29 68 7791
29 75 4851
29 78 8092
29 81 8959
29 82 4730
29 83 8387
29 86 7417
29 92 2407
30 1 7072
30 5 6272
30 6 5230
30 15 8960
30 19 4795
30 22 925
30 28 6903
30 29 2734
30 33 8964
30 35 7072
30 41 2292
30 43 5826
30 49 3444
30 51 775
30 52 7970
30 57 2186
30 58 1089
30 64 7629
30 67 6341
30 75 1995
30 77 9872
30 79 5377
30 80 7797
30 82 9546
30 83 6214
30 88 9973
30 89 5228
30 90 1552
30 93 8619
30 94 5458
31 3 2372
31 11 4953
31 15 2410
31 20 6313
31 23 3826
31 24 6984
31 36 2835
31 39 2821
31 41 9973
31 46 7507
31 48 7687
31 49 1701
31 51 9871
31 57 2109
31 61 6067
31 64 8850
31 65 9911
31 67 906
31 71 3027
31 79 1825
31 80 4755
31 81 8837
31 82 7568
31 83 5052
31 84 5825
31 92 3856
31 96 5477
32 1 1518
32 7 4182
32 8 6814
32 10 4619
32 16 7231
32 22 7929
32 24 1500
32 25 1661
32 26 5888
32 27 2807
32 37 881
32 47 7085
32 49 9759
32 50 384
32 52 4451
32 53 1779
32 55 6242
32 57 2980
32 62 146
32 65 4298
32 66 6177
32 68 6416
32 70 8433
32 71 5746
32 72 6514
32 75 4378
32 79 4042
32 80 8300
32 82 8748
32 86 8157
32 92 5855
32 99 3577
33 3 6631
33 11 1396
33 19 1695
33 22 589
33 30 8964
33 34 2435
33 41 4808
33 44 4313
33 45 9816
33 52 9325
33 53 5346
33 55 8433
33 56 5742
33 58 6509
33 59 4801
33 62 123
33 67 7885
33 68 5254
33 70 6848
33 79 3829
33 80 4410
33 83 6759
33 84 9314
33 88 3019
33 90 904
33 91 9577
33 92 9667
33 95 945
33 98 2197
34 7 4712
34 11 9125
34 12 6947
34 13 3579
34 14 6500
34 15 412
34 17 8225
34 22 3541
34 24 7325
34 27 1037
34 28 4693
34 33 2435
34 37 503
34 42 6134
34 49 6088
34 52 9907
34 53 6730
34 59 6455
34 65 6330
34 67 8174
34 68 9980
34 71 7755
34 72 6776
34 73 2345
34 74 9226
34 75 9621
34 78 6587
34 85 9245
34 88 3456
34 89 4001
34 93 5027
34 95 1426
35 1 8658
35 8 230
35 10 638
35 11 9210
35 15 7152
35 19 589
35 21 6654
35 25 8628
35 26 5907
35 27 7107
35 28 2311
35 30 7072
35 36 3034
35 40 3923
35 43 7630
35 45 6129
35 53 1980
35 57 5271
35 58 9338
35 66 5645
35 69 9743
35 77 4784
35 78 9553
35 80 2309
35 83 1343
35 85 3066
35 86 6275
35 94 8395
36 2 208
36 3 3021
36 4 626
36 7 4561
36 8 5570
36 9 5789
36 12 5032
36 13 9425
36 15 8368
36 16 6195
36 18 1378
36 20 232
36 22 988
36 24 4450
36 25 1335
36 26 8385
36 31 2835
36 35 3034
36 38 6164
36 41 4273
36 54 2421
36 59 2696
36 61 6375
36 62 8781
36 63 9972
36 65 5299
36 67 4610
36 70 5502
36 71 4064
36 74 4690
36 75 6858
36 77 2686
36 78 1686
36 79 7721
36 81 357
36 87 9500
36 88 3086
36 92 7876
36 99 8152
37 6 1259
37 17 9227
37 21 5358
37 24 6337
37 27 3771
37 28 3949
37 32 881
37 34 503
37 40 6059
37 43 1768
37 44 3759
37 49 5676
37 51 9893
37 60 5077
37 64 7278
37 66 4766
37 70 4523
37 71 5232
37 72 8158
37 86 9490
37 87 3298
37 94 655
38 1 4824
38 12 4010
38 14 6391
38 16 1490
38 18 4988
38 20 1290
38 22 7372
38 25 9713
38 28 2927
38 36 6164
38 41 5443
38 42 7479
38 44 6802
38 46 8321
38 47 7736
38 48 7651
38 54 6037
38 60 8871
38 62 1415
38 63 6701
38 64 7710
38 67 7395
38 71 7373
38 72 4656
38 76 4890
38 79 3190
38 81 3309
38 84 8286
38 90 2425
38 96 1791
38 98 6836
39 4 3360
39 7 9770
39 8 110
39 9 950
39 10 1732
39 12 8804
39 15 8861
39 25 261
39 31 2821
39 44 8240
39 45 582
39 46 8015
39 50 2838
39 54 7537
39 67 5926
39 68 8275
39 73 795
39 74 702
39 78 9116
39 82 7288
39 85 9976
39 89 6329
39 91 1937
39 94 5203
39 98 8949
40 4 4912
40 10 4023
40 16 8099
40 26 2193
40 35 3923
40 37 6059
40 52 9497
40 60 4858
40 63 3787
40 65 4279
40 70 1053
40 72 2658
40 78 518
40 83 6612
40 86 9490
40 88 3923
40 94 7664
41 2 8252
41 8 9350
41 9 6426
41 10 4697
41 13 2965
41 17 3761
41 23 6326
41 30 2292
41 31 9973
41 33 4808
41 36 4273
41 38 5443
41 42 2077
41 43 2886
41 53 6972
41 55 257
41 80 6837
41 84 170
41 85 6258
41 94 1923
41 96 8508
42 1 7552
42 5 1338
42 9 9792
42 16 891
42 17 7637
42 20 4200
42 22 4727
42 24 3462
42 27 8285
42 28 7532
42 29 393
42 34 6134
42 38 7479
42 41 2077
42 45 2017
42 53 3704
42 56 4194
42 60 1306
42 61 6750
42 62 8505
42 64 5791
42 66 4051
42 67 9946
42 71 1307
42 77 7980
42 85 9600
43 8 3328
43 11 5826
43 14 8251
43 22 1084
43 23 3209
43 25 5515
43 27 6950
43 30 5826
43 35 7630
43 37 1768
43 41 2886
43 44 2385
43 50 8200
43 53 9890
43 58 2915
43 61 4037
43 62 153
43 63 4250
43 71 2845
43 72 9272
43 75 6998
43 76 6520
43 82 967
43 84 716
43 85 9432
43 94 1199
43 96 2865
44 6 5402
44 9 1532
44 10 7166
44 12 7366
44 15 6620
44 16 5506
44 18 2650
44 19 4766
44 24 9329
44 29 4193
44 33 4313
44 37 3759
44 38 6802
44 39 8240
44 43 2385
44 45 6086
44 46 6345
44 47 2180
44 53 3915
44 59 716
44 64 4303
44 65 4581
44 66 3014
44 69 9342
44 70 5144
44 75 8781
44 79 7231
44 80 8739
44 81 4974
44 83 7289
44 89 7344
44 90 2830
44 91 1788
44 94 8419
44 96 5884
44 99 4808
45 15 983
45 16 2403
45 21 1485
45 23 7069
45 29 7440
45 33 9816
45 35 6129
45 39 582
45 42 2017
45 44 6086
45 47 4932
45 48 4117
45 56 2926
45 58 7213
45 59 4470
45 63 3391
45 69 5932
45 71 6830
45 73 2331
45 75 4480
45 78 9880
45 80 3990
45 89 5356
45 95 8212
45 96 963
45 98 5607
46 1 6618
46 3 8304
46 6 8694
46 10 571
46 12 9455
46 17 9485
46 31 7507
46 38 8321
46 39 8015
46 44 6345
46 47 2199
46 50 9795
46 58 8105
46 60 466
46 61 8263
46 63 7208
46 65 5005
46 72 717
46 73 5432
46 76 580
46 80 2465
46 82 5139
46 83 6501
46 84 5828
46 85 9313
46 87 1585
46 92 6562
46 97 4497
47 1 1738
47 14 664
47 16 2490
47 26 8576
47 29 3872
47 32 7085
47 38 7736
47 44 2180
47 45 4932
47 46 2199
47 48 6826
47 49 8674
47 50 4138
47 54 8991
47 55 1207
47 56 2257
47 63 7308
47 64 9807
47 70 5306
47 76 1720
47 78 118
47 79 130
47 80 993
47 84 1579
47 88 6099
47 93 2356
47 96 9539
47 97 549
47 98 2166
48 5 1099
48 8 3119
48 10 6044
48 12 2787
48 13 8331
48 17 5293
48 25 7363
48 27 3682
48 31 7687
48 38 7651
48 45 4117
48 47 6826
48 49 8162
48 53 7728
48 57 9938
48 66 9262
48 70 3475
48 71 682
48 72 5710
48 73 2093
48 80 7042
48 95 6737
48 98 3473
49 4 5732
49 5 2735
49 6 9875
49 9 7856
49 18 6049
49 19 7142
49 22 7609
49 23 3526
49 27 5009
49 30 3444
49 31 1701
49 32 9759
49 34 6088
49 37 5676
49 47 8674
49 48 8162
49 55 4929
49 59 7243
49 62 2947
49 66 278
49 67 2313
49 69 7648
49 72 2674
49 74 3413
49 78 9244
49 81 4758
49 87 777
49 92 7931
49 95 5036
50 1 2656
50 2 4676
50 7 1222
50 10 2928
50 14 3446
50 16 1891
50 21 4192
50 24 8391
50 25 5489
50 32 384
50 39 2838
50 43 8200
50 46 9795
50 47 4138
50 67 9134
50 68 8560
50 70 9832
50 71 6868
50 78 2056
50 81 3486
50 83 619
50 86 5579
50 92 1605
50 96 4279
50 98 9041
51 10 6026
51 14 7186
51 15 7755
51 17 9941
51 24 2393
51 25 5136
51 30 775
51 31 9871
51 37 9893
51 52 1101
51 53 3206
51 56 4556
51 63 3144
51 64 8746
51 69 5491
51 75 8971
51 76 3246
51 78 5734
51 79 4262
51 80 826
51 81 8992
51 82 6195
51 84 3173
51 91 4572
51 98 6463
52 3 4779
52 6 3340
52 15 5182
52 17 171
52 18 9567
52 21 2425
52 25 9423
52 27 714
52 28 9520
52 30 7970
52 32 4451
52 33 9325
52 34 9907
52 40 9497
52 51 1101
52 57 3985
52 66 2815
52 69 6675
52 73 3782
52 75 587
52 79 6437
52 82 3799
52 85 5492
52 88 598
52 94 5027
52 95 7929
52 97 7370
53 1 9237
53 3 9975
53 4 9292
53 8 7017
53 10 5197
53 11 9434
53 12 9329
53 16 1927
53 22 231
53 25 4210
53 26 4328
53 32 1779
53 33 5346
53 34 6730
53 35 1980
53 41 6972
53 42 3704
53 43 9890
53 44 3915
53 48 7728
53 51 3206
53 58 1752
53 59 8376
53 61 6565
53 64 1597
53 70 725
53 73 943
53 80 6697
53 82 4839
53 85 6066
53 90 3982
53 93 8208
53 97 5387
53 98 6205
53 99 8842
54 9 9554
54 15 3250
54 24 4412
54 29 6909
54 36 2421
54 38 6037
54 39 7537
54 47 8991
54 60 6429
54 62 4721
54 64 9122
54 65 209
54 68 5822
54 74 2524
54 79 3432
54 86 578
54 88 6267
54 89 1531
54 91 9335
54 97 9189
54 99 4629
55 1 2332
55 8 4105
55 12 1063
55 16 210
55 32 6242
55 33 8433
55 41 257
55 47 1207
55 49 4929
55 57 7428
55 62 5725
55 66 6831
55 72 6873
55 74 8997
55 75 1055
55 76 3069
55 78 1000
55 79 4573
55 85 6202
55 89 7657
55 91 5766
55 92 4157
55 93 4716
56 1 9904
56 8 8517
56 9 3214
56 11 8259
56 12 6010
56 16 8777
56 20 2429
56 21 6099
56 33 5742
56 42 4194
56 45 2926
56 47 2257
56 51 4556
56 58 3649
56 63 5168
56 79 4476
56 80 4911
56 90 6872
56 91 2506
56 93 5302
56 97 331
57 2 1675
57 12 7395
57 13 3756
57 14 7065
57 19 3446
57 20 6828
57 30 2186
57 31 2109
57 32 2980
57 35 5271
57 48 9938
57 52 3985
57 55 7428
57 59 857
57 60 7225
57 63 7536
57 64 6217
57 69 7486
57 72 2323
57 73 9179
57 74 5721
57 78 3284
57 85 339
57 86 2058
57 87 308
57 91 9838
57 99 2403
58 1 7241
58 2 1164
58 3 3340
58 4 6780
58 6 7371
58 14 6752
58 19 1688
58 21 1597
58 22 9845
58 23 7386
58 27 5975
58 30 1089
58 33 6509
58 35 9338
58 43 2915
58 45 7213
58 46 8105
58 53 1752
58 56 3649
58 61 7067
58 62 1908
58 64 3575
58 66 1265
58 67 6737
58 77 1180
58 79 983
58 80 1192
58 83 3570
58 89 9419
58 92 1060
58 95 8940
58 96 7673
58 98 6694
59 3 3858
59 6 1272
59 8 6019
59 14 9590
59 15 7277
59 19 366
59 20 8362
59 22 7295
59 25 8105
59 33 4801
59 34 6455
59 36 2696
59 44 716
59 45 4470
59 49 7243
59 53 8376
59 57 857
59 62 5092
59 64 1741
59 84 5650
59 87 1281
59 88 5150
59 89 5844
59 92 6536
59 93 1144
59 97 4123
59 98 6418
60 1 5424
60 2 5771
60 6 3520
60 9 666
60 10 8748
60 11 3976
60 12 6140
60 15 7058
60 18 2559
60 19 3211
60 21 9198
60 22 7342
60 24 7955
60 37 5077
60 38 8871
60 40 4858
60 42 1306
60 46 466
60 54 6429
60 57 7225
60 61 9070
60 62 9818
60 64 7488
60 69 3957
60 73 2789
60 75 1235
60 80 4460
60 96 6781
61 6 9792
61 11 6533
61 16 7214
61 27 1219
61 31 6067
61 36 6375
61 42 6750
61 43 4037
61 46 8263
61 53 6565
61 58 7067
61 60 9070
61 63 4899
61 64 1707
61 68 7504
61 71 6213
61 74 1351
61 75 9521
61 78 3575
61 79 2780
61 84 2415
61 93 3139
61 96 7255
62 1 7030
62 3 5108
62 8 9880
62 10 1260
62 11 795
62 12 3213
62 13 1170
62 14 4929
62 15 8304
62 16 6628
62 17 7714
62 18 1186
62 23 6416
62 25 180
62 27 2727
62 29 550
62 32 146
62 33 123
62 36 8781
62 38 1415
62 42 8505
62 43 153
62 49 2947
62 54 4721
62 55 5725
62 58 1908
62 59 5092
62 60 9818
62 65 8448
62 66 1742
62 72 7985
62 78 5715
62 79 9092
62 80 1410
62 86 620
62 90 8006
62 91 1260
62 92 8913
62 93 6572
62 95 5086
62 98 9064
63 2 1936
63 3 5876
63 4 3687
63 5 9353
63 9 6564
63 14 9467
63 19 6350
63 22 1141
63 25 4113
63 27 3338
63 29 8918
63 36 9972
63 38 6701
63 40 3787
63 43 4250
63 45 3391
63 46 7208
63 47 7308
63 51 3144
63 56 5168
63 57 7536
63 61 4899
63 65 9223
63 68 2237
63 72 1982
63 74 6187
63 78 8840
63 80 3500
63 81 1681
63 82 8774
63 84 9173
63 85 5773
63 86 5795
63 89 4259
63 90 3376
63 98 4962
63 99 8499
64 1 8667
64 4 3911
64 6 7334
64 7 8072
64 8 7938
64 9 5004
64 10 5518
64 11 5979
64 13 3558
64 14 4195
64 17 8157
64 18 5110
64 19 2730
64 24 1202
64 30 7629
64 31 8850
64 37 7278
64 38 7710
64 42 5791
64 44 4303
64 47 9807
64 51 8746
64 53 1597
64 54 9122
64 57 6217
64 58 3575
64 59 1741
64 60 7488
64 61 1707
64 66 3991
64 69 964
64 73 5678
64 77 9942
64 81 6994
64 93 3944
64 94 3741
64 98 2155
65 3 6535
65 9 2775
65 11 4192
65 16 7907
65 17 7617
65 18 9498
65 21 6760
65 25 8236
65 26 7951
65 29 3470
65 31 9911
65 32 4298
65 34 6330
65 36 5299
65 40 4279
65 44 4581
65 46 5005
65 54 209
65 62 8448
65 63 9223
65 66 7381
65 71 6153
65 72 6873
65 74 2148
65 76 6896
65 77 7134
65 82 9714
65 84 4663
65 85 7644
65 86 1039
65 89 993
65 90 8769
65 91 4071
65 92 8482
65 94 6908
66 4 5798
66 12 1249
66 17 6062
66 23 5847
66 32 6177
66 35 5645
66 37 4766
66 42 4051
66 44 3014
66 48 9262
66 49 278
66 52 2815
66 55 6831
66 58 1265
66 62 1742
66 64 3991
66 65 7381
66 72 5487
66 74 1352
66 75 2600
66 76 1231
66 78 7410
66 79 7697
66 81 1157
66 85 7644
66 88 2602
66 93 5736
66 95 8636
67 3 3215
67 5 6685
67 6 1725
67 11 6666
67 14 5151
67 15 4933
67 20 6093
67 22 3845
67 24 8567
67 28 2096
67 30 6341
67 31 906
67 33 7885
67 34 8174
67 36 4610
67 38 7395
67 39 5926
67 42 9946
67 49 2313
67 50 9134
67 58 6737
67 68 2394
67 76 6457
67 78 8876
67 82 3221
67 83 8671
67 86 6154
67 87 9079
67 88 7982
67 89 6993
67 90 9432
67 91 9340
67 92 2020
67 95 1274
67 97 9932
68 1 7540
68 4 4254
68 13 4764
68 23 4112
68 24 6573
68 25 2591
68 28 6553
68 29 7791
68 32 6416
68 33 5254
68 34 9980
68 39 8275
68 50 8560
68 54 5822
68 61 7504
68 63 2237
68 67 2394
68 69 2548
68 71 3189
68 73 6997
68 81 7924
68 87 7303
68 93 1732
68 97 581
68 98 6716
69 4 6242
69 5 4116
69 6 2082
69 7 9247
69 9 2581
69 11 3146
69 14 6637
69 15 4185
69 19 1700
69 24 9355
69 27 4667
69 35 9743
69 44 9342
69 45 5932
69 49 7648
69 51 5491
69 52 6675
69 57 7486
69 60 3957
69 64 964
69 68 2548
69 70 8585
69 72 5260
69 76 5029
69 82 1393
69 85 9606
69 88 3900
69 97 3553
69 99 322
70 4 1385
70 9 5234
70 14 2374
70 19 4179
70 23 9988
70 27 8556
70 32 8433
70 33 6848
70 36 5502
70 37 4523
70 40 1053
70 44 5144
70 47 5306
70 48 3475
70 50 9832
70 53 725
70 69 8585
70 71 4976
70 74 7591
70 76 8790
70 79 8235
70 81 8181
70 82 8881
70 83 387
70 84 8101
70 85 9256
70 86 1786
70 88 9132
70 91 6429
70 92 9514
70 96 7768
70 98 4720
71 5 6158
71 13 7569
71 23 8307
71 31 3027
71 32 5746
71 34 7755
71 36 4064
71 37 5232
71 38 7373
71 42 1307
71 43 2845
71 45 6830
71 48 682
71 50 6868
71 61 6213
71 65 6153
71 68 3189
71 70 4976
71 73 6342
71 79 7886
71 85 2174
71 86 2785
71 88 7850
71 91 8402
71 93 2744
71 96 7836
71 97 7234
72 4 6290
72 7 6744
72 12 8964
72 13 2435
72 19 781
72 20 8479
72 22 2493
72 24 3322
72 27 810
72 28 240
72 32 6514
72 34 6776
72 37 8158
72 38 4656
72 40 2658
72 43 9272
72 46 717
72 48 5710
72 49 2674
72 55 6873
72 57 2323
72 62 7985
72 63 1982
72 65 6873
72 66 5487
72 69 5260
72 74 1494
72 76 7126
72 79 9637
72 83 8818
72 86 5108
72 89 7119
72 98 6080
72 99 5666
73 1 1069
73 6 4853
73 7 5105
73 9 4194
73 14 144
73 18 1801
73 23 3758
73 34 2345
73 39 795
73 45 2331
73 46 5432
73 48 2093
73 52 3782
73 53 943
73 57 9179
73 60 2789
73 64 5678
73 68 6997
73 71 6342
73 79 2662
73 80 5111
73 82 1766
73 83 4617
73 89 6343
73 92 3349
73 96 3901
73 98 5478
73 99 641
74 6 3696
74 8 8893
74 15 9669
74 16 5873
74 17 1406
74 24 1120
74 25 7018
74 26 529
74 34 9226
74 36 4690
74 39 702
74 49 3413
74 54 2524
74 55 8997
74 57 5721
74 61 1351
74 63 6187
74 65 2148
74 66 1352
74 70 7591
74 72 1494
74 78 5893
74 81 3492
74 92 6369
74 93 6059
74 97 9438
74 98 2082
74 99 6336
75 1 4291
75 2 4632
75 3 4863
75 4 6925
75 6 3066
75 16 2094
75 20 8031
75 23 9865
75 25 9006
75 26 8115
75 27 9749
75 29 4851
75 30 1995
75 32 4378
75 34 9621
75 36 6858
75 43 6998
75 44 8781
75 45 4480
75 51 8971
75 52 587
75 55 1055
75 60 1235
75 61 9521
75 66 2600
75 76 7267
75 81 2564
75 84 9115
75 86 6888
75 89 6196
75 91 2834
75 92 5619
75 94 8240
75 95 6883
75 96 7062
76 14 8749
76 23 523
76 38 4890
76 43 6520
76 46 580
76 47 1720
76 51 3246
76 55 3069
76 65 6896
76 66 1231
76 67 6457
76 69 5029
76 70 8790
76 72 7126
76 75 7267
76 77 8790
76 80 3465
76 88 8779
76 93 4106
76 95 9141
76 96 2376
76 98 4847
76 99 3935
77 3 7303
77 13 4960
77 16 8905
77 18 7972
77 19 660
77 22 9763
77 27 704
77 30 9872
77 35 4784
77 36 2686
77 42 7980
77 58 1180
77 64 9942
77 65 7134
77 76 8790
77 78 7191
77 81 8566
77 83 8186
77 84 7128
77 85 6367
77 87 2269
77 88 7497
77 89 5141
77 92 1624
77 94 6016
78 2 9552
78 3 9682
78 4 9541
78 5 5256
78 8 9859
78 9 1832
78 10 5231
78 14 9096
78 17 2246
78 21 9325
78 22 9688
78 26 3348
78 27 9868
78 29 8092
78 34 6587
78 35 9553
78 36 1686
78 39 9116
78 40 518
78 45 9880
78 47 118
78 49 9244
78 50 2056
78 51 5734
78 55 1000
78 57 3284
78 61 3575
78 62 5715
78 63 8840
78 66 7410
78 67 8876
78 74 5893
78 77 7191
78 84 1203
78 89 8413
78 99 4517
79 2 9919
79 8 328
79 9 2788
79 12 1268
79 13 3586
79 14 544
79 16 6306
79 18 3644
79 19 6852
79 22 8853
79 23 6972
79 26 8806
79 27 4715
79 30 5377
79 31 1825
79 32 4042
79 33 3829
79 36 7721
79 38 3190
79 44 7231
79 47 130
79 51 4262
79 52 6437
79 54 3432
79 55 4573
79 56 4476
79 58 983
79 61 2780
79 62 9092
79 66 7697
79 70 8235
79 71 7886
79 72 9637
79 73 2662
79 81 8247
79 92 1859
79 93 7007
79 94 5571
79 95 5696
79 96 1420
80 3 1451
80 4 4947
80 5 5265
80 6 8998
80 8 6463
80 10 3885
80 13 9162
80 17 7820
80 23 6651
80 24 1722
80 25 6743
80 26 4325
80 27 7578
80 28 6186
80 30 7797
80 31 4755
80 32 8300
80 33 4410
80 35 2309
80 41 6837
80 44 8739
80 45 3990
80 46 2465
80 47 993
80 48 7042
80 51 826
80 53 6697
80 56 4911
80 58 1192
80 60 4460
80 62 1410
80 63 3500
80 73 5111
80 76 3465
80 81 7078
80 82 7993
80 83 2433
80 84 298
80 88 1663
80 95 8120
80 96 5335
81 1 3632
81 3 2256
81 4 2931
81 5 3392
81 12 1153
81 13 9238
81 24 3063
81 27 947
81 29 8959
81 31 8837
81 36 357
81 38 3309
81 44 4974
81 49 4758
81 50 3486
81 51 8992
81 63 1681
81 64 6994
81 66 1157
81 68 7924
81 70 8181
81 74 3492
81 75 2564
81 77 8566
81 79 8247
81 80 7078
81 88 647
81 90 6387
81 91 7745
82 4 752
82 6 3167
82 7 2905
82 8 200
82 13 1301
82 14 7899
82 15 7109
82 16 3130
82 21 9640
82 22 5211
82 25 7241
82 29 4730
82 30 9546
82 31 7568
82 32 8748
82 39 7288
82 43 967
82 46 5139
82 51 6195
82 52 3799
82 53 4839
82 63 8774
82 65 9714
82 67 3221
82 69 1393
82 70 8881
82 73 1766
82 80 7993
82 87 8197
82 91 9107
82 94 667
82 95 5420
82 96 3005
83 1 5269
83 5 1517
83 7 6042
83 10 1031
83 12 3239
83 14 9815
83 15 5292
83 16 2576
83 19 9344
83 20 7610
83 25 6118
83 27 8634
83 29 8387
83 30 6214
83 31 5052
83 33 6759
83 35 1343
83 40 6612
83 44 7289
83 46 6501
83 50 619
83 58 3570
83 67 8671
83 70 387
83 72 8818
83 73 4617
83 77 8186
83 80 2433
83 87 5376
83 88 2395
83 91 2111
83 94 9578
83 98 7799
84 1 5735
84 2 8672
84 5 7040
84 9 5943
84 16 7479
84 18 4627
84 21 8735
84 24 295
84 25 1829
84 31 5825
84 33 9314
84 38 8286
84 41 170
84 43 716
84 46 5828
84 47 1579
84 51 3173
84 59 5650
84 61 2415
84 63 9173
84 65 4663
84 70 8101
84 75 9115
84 77 7128
84 78 1203
84 80 298
84 85 864
84 87 6976
84 88 3983
84 91 6981
84 92 9815
84 98 7951
84 99 2611
85 3 9420
85 4 4570
85 5 9107
85 7 341
85 9 5312
85 10 5285
85 15 5561
85 28 253
85 34 9245
85 35 3066
85 39 9976
85 41 6258
85 42 9600
85 43 9432
85 46 9313
85 52 5492
85 53 6066
85 55 6202
85 57 339
85 63 5773
85 65 7644
85 66 7644
85 69 9606
85 70 9256
85 71 2174
85 77 6367
85 84 864
85 86 9269
85 89 4371
85 92 3194
85 94 3799
86 1 7471
86 2 5291
86 3 4111
86 4 4866
86 10 9257
86 11 5879
86 13 3926
86 14 5328
86 29 7417
86 32 8157
86 35 6275
86 37 9490
86 40 9490
86 50 5579
86 54 578
86 57 2058
86 62 620
86 63 5795
86 65 1039
86 67 6154
86 70 1786
86 71 2785
86 72 5108
86 75 6888
86 85 9269
86 92 4085
86 97 3692
86 98 6838
86 99 3465
87 1 1625
87 2 7531
87 7 7342
87 10 6722
87 15 2464
87 19 2688
87 20 8800
87 26 4132
87 27 3752
87 36 9500
87 37 3298
87 46 1585
87 49 777
87 57 308
87 59 1281
87 67 9079
87 68 7303
87 77 2269
87 82 8197
87 83 5376
87 84 6976
87 91 6860
87 92 6931
88 1 4691
88 4 2695
88 5 5446
88 6 4618
88 8 1299
88 10 9352
88 12 3859
88 13 9901
88 14 6613
88 15 3973
88 20 9997
88 30 9973
88 33 3019
88 34 3456
88 36 3086
88 40 3923
88 47 6099
88 52 598
88 54 6267
88 59 5150
88 66 2602
88 67 7982
88 69 3900
88 70 9132
88 71 7850
88 76 8779
88 77 7497
88 80 1663
88 81 647
88 83 2395
88 84 3983
88 89 4099
88 93 5187
89 3 9646
89 4 2837
89 7 7856
89 8 8743
89 13 354
89 16 1102
89 18 8271
89 21 8007
89 22 7492
89 25 5122
89 30 5228
89 34 4001
89 39 6329
89 44 7344
89 45 5356
89 54 1531
89 55 7657
89 58 9419
89 59 5844
89 63 4259
89 65 993
89 67 6993
89 72 7119
89 73 6343
89 75 6196
89 77 5141
89 78 8413
89 85 4371
89 88 4099
89 93 1171
89 94 2319
90 1 5115
90 4 8492
90 9 9126
90 13 5038
90 14 8112
90 16 4600
90 17 6079
90 20 5953
90 22 543
90 25 7876
90 27 1464
90 30 1552
90 33 904
90 38 2425
90 44 2830
90 53 3982
90 56 6872
90 62 8006
90 63 3376
90 65 8769
90 67 9432
90 81 6387
91 3 6099
91 5 4900
91 6 9776
91 13 5863
91 16 561
91 17 2125
91 18 253
91 22 8716
91 23 6906
91 27 4370
91 33 9577
91 39 1937
91 44 1788
91 51 4572
91 54 9335
91 55 5766
91 56 2506
91 57 9838
91 62 1260
91 65 4071
91 67 9340
91 70 6429
91 71 8402
91 75 2834
91 81 7745
91 82 9107
91 83 2111
91 84 6981
91 87 6860
91 95 8396
91 96 6169
91 98 3136
91 99 2047
92 2 6195
92 7 3379
92 8 5928
92 16 9108
92 17 384
92 29 2407
92 31 3856
92 32 5855
92 33 9667
92 36 7876
92 46 6562
92 49 7931
92 50 1605
92 55 4157
92 58 1060
92 59 6536
92 62 8913
92 65 8482
92 67 2020
92 70 9514
92 73 3349
92 74 6369
92 75 5619
92 77 1624
92 79 1859
92 84 9815
92 85 3194
92 86 4085
92 87 6931
92 97 7389
92 98 6485
92 99 8314
93 1 3844
93 4 3866
93 6 3268
93 10 7935
93 12 601
93 17 5182
93 20 8130
93 23 5299
93 24 8518
93 25 7632
93 27 9016
93 28 8134
93 30 8619
93 34 5027
93 47 2356
93 53 8208
93 55 4716
93 56 5302
93 59 1144
93 61 3139
93 62 6572
93 64 3944
93 66 5736
93 68 1732
93 71 2744
93 74 6059
93 76 4106
93 79 7007
93 88 5187
93 89 1171
93 95 872
93 98 5189
94 2 3201
94 7 631
94 8 5129
94 10 1459
94 13 2430
94 16 1691
94 17 7571
94 19 2746
94 20 4336
94 26 8685
94 28 9647
94 30 5458
94 35 8395
94 37 655
94 39 5203
94 40 7664
94 41 1923
94 43 1199
94 44 8419
94 52 5027
94 64 3741
94 65 6908
94 75 8240
94 77 6016
94 79 5571
94 82 667
94 83 9578
94 85 3799
94 89 2319
94 95 8711
94 96 3597
94 99 128
95 4 9025
95 5 5319
95 9 4487
95 11 6764
95 13 988
95 16 3400
95 17 3718
95 19 9779
95 20 253
95 23 1330
95 25 8346
95 33 945
95 34 1426
95 45 8212
95 48 6737
95 49 5036
95 52 7929
95 58 8940
95 62 5086
95 66 8636
95 67 1274
95 75 6883
95 76 9141
95 79 5696
95 80 8120
95 82 5420
95 91 8396
95 93 872
95 94 8711
95 99 5617
96 3 6805
96 4 3540
96 7 5287
96 8 5550
96 11 9180
96 15 2545
96 18 6964
96 19 9315
96 20 5318
96 22 2145
96 23 5536
96 26 9981
96 31 5477
96 38 1791
96 41 8508
96 43 2865
96 44 5884
96 45 963
96 47 9539
96 50 4279
96 58 7673
96 60 6781
96 61 7255
96 70 7768
96 71 7836
96 73 3901
96 75 7062
96 76 2376
96 79 1420
96 80 5335
96 82 3005
96 91 6169
96 94 3597
96 99 6553
97 1 4753
97 9 797
97 10 8924
97 15 9026
97 17 7941
97 19 5607
97 20 4316
97 23 8757
97 24 2436
97 46 4497
97 47 549
97 52 7370
97 53 5387
97 54 9189
97 56 331
97 59 4123
97 67 9932
97 68 581
97 69 3553
97 71 7234
97 74 9438
97 86 3692
97 92 7389
97 98 885
98 5 5852
98 10 9612
98 16 3981
98 23 2077
98 25 9196
98 26 7712
98 27 1742
98 33 2197
98 38 6836
98 39 8949
98 45 5607
98 47 2166
98 48 3473
98 50 9041
98 51 6463
98 53 6205
98 58 6694
98 59 6418
98 62 9064
98 63 4962
98 64 2155
98 68 6716
98 70 4720
98 72 6080
98 73 5478
98 74 2082
98 76 4847
98 83 7799
98 84 7951
98 86 6838
98 91 3136
98 92 6485
98 93 5189
98 97 885
98 99 1546
2 t 5457
7 t 8731
13 t 7012
15 t 2305
16 t 7684
19 t 8031
25 t 4309
26 t 6118
32 t 3577
36 t 8152
44 t 4808
53 t 8842
54 t 4629
57 t 2403
63 t 8499
69 t 322
72 t 5666
73 t 641
74 t 6336
76 t 3935
78 t 4517
84 t 2611
86 t 3465
91 t 2047
92 t 8314
94 t 128
95 t 5617
96 t 6553
98 t 1546
