s 19 9277
s 29 9224
s 30 9953
s 39 9294
s 43 9436
s 46 9723
s 49 9373
s 50 9884
s 55 9233
s 63 9441
s 64 9737
s 65 9572
s 66 9060
s 70 9022
s 71 9010
s 77 9883
s 84 9818
s 87 9732
s 89 9677
s 91 9046
s 94 9074
s 96 9631
s 97 9572
1 2 9718
1 7 9238
1 9 9660
1 13 9815
1 16 9407
1 22 9304
1 27 9082
1 28 9961
1 29 9414
1 32 9372
1 43 9905
1 44 9151
1 56 9030
1 57 9644
1 59 9123
1 60 9103
1 64 9815
1 70 9144
1 71 9259
1 74 9327
1 78 9740
1 79 9313
1 80 9779
1 83 9348
1 84 9541
1 92 9884
1 94 9247
1 95 9665
1 96 9698
1 98 9122
2 1 9718
2 6 9759
2 7 9343
2 9 9342
2 11 9344
2 14 9647
2 17 9196
2 22 9300
2 26 9978
2 30 9084
2 32 9903
2 38 9989
2 40 9814
2 47 9035
2 48 9945
2 50 9606
2 54 9697
2 56 9080
2 57 9302
2 58 9524
2 59 9102
2 61 9645
2 62 9300
2 63 9690
2 64 9678
2 65 9865
2 67 9661
2 68 9388
2 69 9708
2 71 9767
2 75 9011
2 76 9785
2 83 9032
2 87 9421
2 89 9807
2 92 9864
2 93 9703
2 94 9946
2 97 9951
2 98 9171
3 8 9070
3 9 9435
3 10 9603
3 12 9679
3 14 9962
3 15 9621
3 17 9004
3 21 9689
3 22 9519
3 23 9367
3 25 9054
3 28 9764
3 33 9877
3 39 9142
3 48 9306
3 49 9789
3 55 9234
3 58 9848
3 63 9963
3 65 9922
3 67 9347
3 68 9661
3 70 9786
3 73 9176
3 78 9643
3 79 9043
3 82 9156
3 90 9659
3 91 9400
3 93 9763
3 94 9598
4 11 9739
4 14 9940
4 18 9068
4 21 9032
4 22 9544
4 23 9314
4 27 9765
4 30 9777
4 37 9648
4 44 9747
4 49 9852
4 57 9582
4 58 9981
4 59 9414
4 61 9886
4 63 9420
4 66 9211
4 73 9999
4 74 9964
4 75 9047
4 79 9373
4 81 9352
4 87 9327
4 89 9519
4 92 9233
5 8 9083
5 17 9386
5 21 9756
5 22 9484
5 28 9145
5 29 9388
5 32 9827
5 33 9236
5 39 9888
5 47 9330
5 48 9003
5 53 9390
5 55 9244
5 57 9589
5 58 9993
5 60 9875
5 61 9842
5 64 9886
5 72 9067
5 73 9571
5 80 9278
5 81 9195
5 85 9586
5 89 9009
5 91 9870
5 93 9717
5 95 9607
6 2 9759
6 7 9679
6 8 9640
6 15 9553
6 18 9179
6 22 9443
6 26 9948
6 27 9262
6 30 9553
6 32 9516
6 35 9391
6 37 9094
6 58 9961
6 60 9501
6 62 9074
6 68 9280
6 71 9791
6 75 9091
6 77 9821
6 78 9505
6 93 9695
6 98 9602
6 99 9605
7 1 9238
7 2 9343
7 6 9679
7 10 9633
7 13 9014
7 15 9042
7 18 9093
7 21 9750
7 23 9439
7 27 9007
7 30 9460
7 31 9101
7 37 9536
7 40 9121
7 52 9549
7 53 9671
7 55 9836
7 58 9025
7 61 9942
7 68 9778
7 71 9604
7 73 9948
7 75 9116
7 82 9147
7 85 9982
7 88 9274
7 96 9191
8 3 9070
8 5 9083
8 6 9640
8 11 9603
8 21 9165
8 22 9384
8 30 9578
8 31 9012
8 34 9274
8 37 9349
8 41 9395
8 44 9817
8 48 9902
8 50 9551
8 53 9986
8 56 9860
8 59 9779
8 62 9513
8 64 9419
8 78 9237
8 80 9875
8 83 9054
8 87 9986
8 90 9158
8 94 9036
8 95 9071
8 96 9881
8 97 9786
9 1 9660
9 2 9342
9 3 9435
9 16 9962
9 17 9870
9 19 9922
9 25 9717
9 27 9632
9 28 9508
9 29 9839
9 36 9600
9 37 9894
9 43 9962
9 48 9126
9 49 9030
9 53 9027
9 56 9937
9 57 9705
9 59 9049
9 66 9221
9 67 9256
9 71 9346
9 74 9178
9 77 9110
9 78 9219
9 87 9300
9 88 9722
9 95 9739
9 97 9553
9 99 9270
10 3 9603
10 7 9633
10 13 9166
10 16 9700
10 17 9411
10 31 9668
10 38 9424
10 43 9370
10 50 9109
10 58 9078
10 59 9190
10 64 9612
10 70 9196
10 75 9118
10 77 9957
10 79 9520
10 83 9774
10 88 9588
10 91 9524
10 93 9124
10 98 9940
11 2 9344
11 4 9739
11 8 9603
11 22 9615
11 24 9956
11 27 9464
11 31 9171
11 35 9388
11 36 9391
11 37 9461
11 39 9167
11 42 9679
11 44 9073
11 50 9408
11 57 9045
11 64 9218
11 65 9702
11 72 9326
11 76 9524
11 79 9576
11 81 9238
11 82 9002
11 87 9492
11 90 9413
11 92 9268
11 96 9435
11 98 9849
12 3 9679
12 15 9309
12 16 9084
12 20 9955
12 25 9873
12 34 9462
12 37 9770
12 38 9425
12 39 9896
12 42 9612
12 43 9502
12 45 9131
12 54 9925
12 58 9421
12 62 9643
12 67 9059
12 68 9016
12 71 9532
12 75 9052
12 77 9032
12 81 9695
12 86 9439
12 89 9243
12 90 9579
12 92 9714
12 95 9833
12 96 9374
12 98 9921
13 1 9815
13 7 9014
13 10 9166
13 16 9043
13 20 9752
13 27 9087
13 28 9234
13 34 9818
13 35 9122
13 37 9764
13 38 9106
13 42 9047
13 43 9344
13 45 9184
13 47 9480
13 50 9944
13 55 9522
13 56 9619
13 60 9668
13 62 9879
13 69 9178
13 82 9634
13 83 9235
13 87 9282
13 94 9043
13 98 9837
13 99 9905
14 2 9647
14 3 9962
14 4 9940
14 15 9301
14 17 9689
14 18 9961
14 20 9718
14 29 9929
14 34 9913
14 37 9335
14 47 9618
14 50 9435
14 51 9024
14 57 9397
14 58 9907
14 64 9568
14 67 9280
14 68 9037
14 73 9669
14 75 9226
14 80 9920
14 81 9603
14 82 9242
14 87 9828
14 88 9801
14 90 9905
14 91 9349
15 3 9621
15 6 9553
15 7 9042
15 12 9309
15 14 9301
15 19 9993
15 22 9624
15 23 9313
15 24 9859
15 30 9028
15 34 9610
15 35 9245
15 36 9381
15 38 9244
15 39 9787
15 45 9463
15 47 9739
15 53 9896
15 55 9800
15 60 9138
15 67 9980
15 69 9914
15 73 9479
15 77 9682
15 85 9114
15 86 9289
15 87 9247
15 88 9659
15 89 9303
15 93 9600
15 95 9531
15 98 9031
16 1 9407
16 9 9962
16 10 9700
16 12 9084
16 13 9043
16 18 9317
16 19 9983
16 21 9863
16 23 9866
16 27 9395
16 28 9355
16 31 9127
16 34 9259
16 40 9532
16 43 9013
16 47 9271
16 49 9550
16 51 9671
16 53 9156
16 55 9606
16 61 9990
16 71 9752
16 76 9069
16 80 9120
16 84 9347
16 86 9173
16 89 9114
16 94 9289
17 2 9196
17 3 9004
17 5 9386
17 9 9870
17 10 9411
17 14 9689
17 34 9722
17 35 9428
17 38 9129
17 39 9315
17 40 9707
17 45 9998
17 48 9416
17 51 9571
17 53 9203
17 55 9449
17 57 9072
17 61 9215
17 62 9995
17 64 9304
17 66 9497
17 86 9607
17 87 9302
17 88 9141
17 89 9870
17 92 9772
17 94 9039
17 97 9554
17 98 9498
18 4 9068
18 6 9179
18 7 9093
18 14 9961
18 16 9317
18 22 9561
18 25 9127
18 30 9981
18 36 9586
18 37 9590
18 42 9319
18 46 9330
18 48 9275
18 52 9491
18 53 9414
18 58 9704
18 59 9064
18 60 9198
18 70 9389
18 71 9432
18 82 9509
18 83 9112
18 87 9744
18 92 9797
18 96 9718
19 9 9922
19 15 9993
19 16 9983
19 25 9098
19 26 9901
19 33 9212
19 38 9214
19 45 9916
19 47 10000
19 49 9202
19 51 9858
19 57 9018
19 61 9549
19 65 9677
19 68 9044
19 70 9533
19 75 9077
19 79 9191
19 85 9980
19 94 9147
20 12 9955
20 13 9752
20 14 9718
20 21 9770
20 22 9510
20 23 9686
20 24 9698
20 28 9490
20 29 9201
20 33 9502
20 34 9065
20 37 9147
20 42 9425
20 46 9342
20 47 9462
20 49 9281
20 52 9791
20 53 9078
20 54 9597
20 56 9381
20 60 9274
20 61 9719
20 63 9635
20 64 9254
20 71 9732
20 72 9171
20 73 9850
20 77 9861
20 80 9263
20 82 9959
20 84 9955
20 94 9583
21 3 9689
21 4 9032
21 5 9756
21 7 9750
21 8 9165
21 16 9863
21 20 9770
21 23 9962
21 26 9203
21 27 9779
21 29 9171
21 36 9961
21 41 9050
21 42 9481
21 55 9868
21 58 9271
21 59 9794
21 60 9925
21 66 9885
21 73 9353
21 83 9181
21 88 9367
21 95 9421
21 99 9539
22 1 9304
22 2 9300
22 3 9519
22 4 9544
22 5 9484
22 6 9443
22 8 9384
22 11 9615
22 15 9624
22 18 9561
22 20 9510
22 23 9549
22 25 9979
22 26 9164
22 27 9710
22 33 9343
22 34 9459
22 36 9118
22 40 9016
22 41 9717
22 43 9643
22 44 9357
22 46 9737
22 47 9140
22 49 9958
22 52 9250
22 53 9141
22 56 9554
22 59 9675
22 60 9196
22 62 9277
22 63 9389
22 64 9151
22 65 9736
22 67 9832
22 68 9520
22 72 9435
22 75 9086
22 78 9770
22 81 9447
22 87 9105
22 94 9434
22 96 9955
23 3 9367
23 4 9314
23 7 9439
23 15 9313
23 16 9866
23 20 9686
23 21 9962
23 22 9549
23 27 9988
23 28 9047
23 31 9269
23 34 9822
23 35 9850
23 36 9111
23 45 9990
23 46 9601
23 48 9407
23 51 9306
23 52 9386
23 57 9875
23 63 9387
23 65 9529
23 77 9223
23 78 9774
23 82 9640
23 83 9191
23 84 9833
23 89 9743
23 93 9782
23 95 9207
23 96 9437
24 11 9956
24 15 9859
24 20 9698
24 25 9173
24 27 9290
24 29 9795
24 31 9816
24 32 9215
24 36 9473
24 41 9615
24 43 9642
24 45 9109
24 48 9711
24 50 9587
24 53 9310
24 55 9185
24 58 9184
24 59 9717
24 61 9356
24 69 9701
24 71 9136
24 72 9202
24 73 9302
24 74 9921
24 76 9523
24 82 9421
24 85 9923
24 88 9741
24 89 9147
24 94 9714
24 95 9916
25 3 9054
25 9 9717
25 12 9873
25 18 9127
25 19 9098
25 22 9979
25 24 9173
25 30 9228
25 31 9003
25 34 9273
25 42 9552
25 43 9669
25 44 9983
25 48 9165
25 55 9070
25 56 9214
25 61 9215
25 63 9970
25 68 9949
25 73 9884
25 74 9383
25 77 9415
25 79 9866
25 84 9872
25 85 9165
25 86 9243
25 90 9674
25 92 9232
25 93 9610
25 97 9676
25 98 9943
26 2 9978
26 6 9948
26 19 9901
26 21 9203
26 22 9164
26 29 9509
26 30 9924
26 32 9110
26 34 9431
26 38 9967
26 41 9073
26 45 9430
26 49 9255
26 53 9076
26 55 9837
26 57 9472
26 60 9860
26 70 9864
26 74 9292
26 80 9605
26 81 9154
26 82 9313
26 83 9613
26 88 9993
26 89 9582
26 94 9980
26 97 9934
27 1 9082
27 4 9765
27 6 9262
27 7 9007
27 9 9632
27 11 9464
27 13 9087
27 16 9395
27 21 9779
27 22 9710
27 23 9988
27 24 9290
27 28 9820
27 33 9343
27 35 9837
27 36 9428
27 38 9212
27 45 9382
27 46 9297
27 51 9731
27 52 9300
27 55 9255
27 59 9845
27 60 9751
27 63 9285
27 66 9925
27 69 9670
27 76 9893
27 81 9619
27 83 9222
27 85 9741
27 86 9703
27 88 9552
27 92 9061
27 93 9818
27 97 9289
27 99 9354
28 1 9961
28 3 9764
28 5 9145
28 9 9508
28 13 9234
28 16 9355
28 20 9490
28 23 9047
28 27 9820
28 29 9181
28 30 9835
28 35 9005
28 41 9958
28 42 9142
28 47 9686
28 53 10000
28 54 9905
28 56 9339
28 58 9382
28 64 9102
28 70 9431
28 75 9214
28 77 9025
28 80 9057
28 83 9198
28 87 9839
28 88 9955
28 91 9799
28 92 9222
28 93 9941
28 94 9897
29 1 9414
29 5 9388
29 9 9839
29 14 9929
29 20 9201
29 21 9171
29 24 9795
29 26 9509
29 28 9181
29 30 9276
29 33 9375
29 34 9687
29 35 9853
29 40 9376
29 44 9350
29 46 9075
29 49 9606
29 52 9925
29 56 9289
29 58 9599
29 61 9471
29 64 9194
29 69 9754
29 71 9342
29 73 9569
29 81 9827
29 86 9639
29 89 9090
29 93 9518
29 96 9966
29 98 9232
29 99 9907
30 2 9084
30 4 9777
30 6 9553
30 7 9460
30 8 9578
30 15 9028
30 18 9981
30 25 9228
30 26 9924
30 28 9835
30 29 9276
30 34 9618
30 35 9759
30 38 9943
30 39 9760
30 40 9179
30 47 9007
30 56 9345
30 63 9894
30 69 9442
30 71 9995
30 75 9399
30 79 9319
30 81 9244
30 83 9562
30 86 9022
30 87 9567
30 93 9285
31 7 9101
31 8 9012
31 10 9668
31 11 9171
31 16 9127
31 23 9269
31 24 9816
31 25 9003
31 33 9804
31 34 9564
31 38 9944
31 40 9792
31 44 9673
31 46 9537
31 51 9785
31 53 9491
31 59 9336
31 67 9316
31 70 9732
31 78 9475
31 80 9154
31 86 9957
31 91 9254
31 97 9913
31 98 9529
32 1 9372
32 2 9903
32 5 9827
32 6 9516
32 24 9215
32 26 9110
32 43 9902
32 51 9941
32 57 9748
32 60 9287
32 67 9594
32 70 9203
32 72 9671
32 79 9666
32 84 9136
32 88 9041
32 91 9507
32 92 9402
32 94 9368
33 3 9877
33 5 9236
33 19 9212
33 20 9502
33 22 9343
33 27 9343
33 29 9375
33 31 9804
33 34 9947
33 36 9915
33 37 9885
33 39 9757
33 40 9752
33 45 9295
33 50 9190
33 51 9651
33 52 9380
33 53 9149
33 54 9889
33 55 9026
33 58 9520
33 66 9542
33 67 9047
33 69 9771
33 72 9821
33 73 9802
33 79 9855
33 80 9583
33 82 9519
33 83 9826
33 86 9170
33 91 9997
33 92 9751
33 94 9657
33 96 9687
33 99 9012
34 8 9274
34 12 9462
34 13 9818
34 14 9913
34 15 9610
34 16 9259
34 17 9722
34 20 9065
34 22 9459
34 23 9822
34 25 9273
34 26 9431
34 29 9687
34 30 9618
34 31 9564
34 33 9947
34 37 9212
34 38 9151
34 41 9011
34 45 9979
34 46 9107
34 49 9128
34 54 9331
34 56 9478
34 60 9409
34 61 9157
34 63 9540
34 73 9861
34 78 9778
34 80 9481
34 82 9679
34 90 9115
34 91 9411
34 96 9647
34 99 9962
35 6 9391
35 11 9388
35 13 9122
35 15 9245
35 17 9428
35 23 9850
35 27 9837
35 28 9005
35 29 9853
35 30 9759
35 39 9499
35 43 9443
35 47 9497
35 50 9478
35 66 9344
35 71 9559
35 77 9376
35 81 9325
35 83 9166
35 84 9858
35 86 9828
35 91 9951
35 95 9272
35 96 9497
35 98 9605
36 9 9600
36 11 9391
36 15 9381
36 18 9586
36 21 9961
36 22 9118
36 23 9111
36 24 9473
36 27 9428
36 33 9915
36 37 9240
36 38 9668
36 39 9873
36 40 9125
36 41 9856
36 42 9752
36 44 9859
36 47 9691
36 49 9828
36 50 9274
36 53 9746
36 55 9692
36 62 9839
36 67 9911
36 69 9275
36 71 9245
36 79 9498
36 83 9507
36 84 9342
36 89 9850
36 98 9411
36 99 9431
37 4 9648
37 6 9094
37 7 9536
37 8 9349
37 9 9894
37 11 9461
37 12 9770
37 13 9764
37 14 9335
37 18 9590
37 20 9147
37 33 9885
37 34 9212
37 36 9240
37 42 9622
37 44 9313
37 45 9664
37 48 9233
37 49 9787
37 50 9775
37 51 9373
37 53 9951
37 55 9984
37 57 9693
37 60 9999
37 71 9336
37 72 9508
37 73 9327
37 75 9461
37 80 9225
37 81 9604
37 95 9935
37 97 9009
37 98 9305
38 2 9989
38 10 9424
38 12 9425
38 13 9106
38 15 9244
38 17 9129
38 19 9214
38 26 9967
38 27 9212
38 30 9943
38 31 9944
38 34 9151
38 36 9668
38 42 9077
38 44 9729
38 45 9124
38 46 9566
38 52 9178
38 53 9899
38 55 9953
38 56 9754
38 58 9023
38 59 9219
38 61 9353
38 62 9695
38 63 9835
38 68 9352
38 72 9731
38 76 9678
38 77 9347
38 79 9031
38 86 9922
38 89 9385
38 90 9286
38 99 9603
39 3 9142
39 5 9888
39 11 9167
39 12 9896
39 15 9787
39 17 9315
39 30 9760
39 33 9757
39 35 9499
39 36 9873
39 41 9922
39 50 9914
39 53 9695
39 60 9934
39 64 9542
39 65 9622
39 69 9038
39 72 9218
39 75 9638
39 81 9415
39 82 9405
39 83 9734
39 89 9183
39 90 9940
39 91 9098
39 95 9497
40 2 9814
40 7 9121
40 16 9532
40 17 9707
40 22 9016
40 29 9376
40 30 9179
40 31 9792
40 33 9752
40 36 9125
40 41 9520
40 44 9486
40 45 9632
40 49 9060
40 55 9398
40 56 9821
40 58 9877
40 59 9457
40 62 9307
40 68 9624
40 71 9650
40 73 9371
40 74 9927
40 75 9164
40 81 9659
40 86 9081
40 89 9487
40 95 9315
40 97 9425
41 8 9395
41 21 9050
41 22 9717
41 24 9615
41 26 9073
41 28 9958
41 34 9011
41 36 9856
41 39 9922
41 40 9520
41 51 9482
41 52 9526
41 56 9537
41 57 9340
41 58 9710
41 59 9711
41 60 9938
41 61 9137
41 62 9546
41 68 9370
41 76 9665
41 79 9780
41 84 9059
41 85 9446
41 86 9042
41 88 9908
41 90 9496
41 92 9872
42 11 9679
42 12 9612
42 13 9047
42 18 9319
42 20 9425
42 21 9481
42 25 9552
42 28 9142
42 36 9752
42 37 9622
42 38 9077
42 48 9575
42 50 9835
42 51 9415
42 52 9314
42 66 9856
42 67 9243
42 70 9021
42 76 9642
42 78 9035
42 81 9464
42 85 9336
42 86 9294
42 88 9858
42 89 9203
42 90 9436
42 91 9365
43 1 9905
43 9 9962
43 10 9370
43 12 9502
43 13 9344
43 16 9013
43 22 9643
43 24 9642
43 25 9669
43 32 9902
43 35 9443
43 46 9295
43 48 9448
43 49 9961
43 50 9455
43 53 9721
43 55 9173
43 56 9404
43 60 9187
43 62 9797
43 66 9111
43 67 9390
43 77 9720
43 82 9443
43 91 9999
43 93 9616
44 1 9151
44 4 9747
44 8 9817
44 11 9073
44 22 9357
44 25 9983
44 29 9350
44 31 9673
44 36 9859
44 37 9313
44 38 9729
44 40 9486
44 46 9990
44 50 9549
44 54 9409
44 57 9294
44 62 9480
44 63 9880
44 65 9252
44 66 9260
44 68 9570
44 75 9691
44 76 9915
44 92 9096
44 98 9634
45 12 9131
45 13 9184
45 15 9463
45 17 9998
45 19 9916
45 23 9990
45 24 9109
45 26 9430
45 27 9382
45 33 9295
45 34 9979
45 37 9664
45 38 9124
45 40 9632
45 52 9828
45 55 9483
45 56 9465
45 58 9072
45 59 9093
45 60 9305
45 62 9483
45 64 9136
45 65 9257
45 67 9417
45 69 9944
45 73 9942
45 74 9320
45 75 9100
45 76 9484
45 78 9219
45 84 9342
45 85 9633
45 89 9533
45 94 9547
46 18 9330
46 20 9342
46 22 9737
46 23 9601
46 27 9297
46 29 9075
46 31 9537
46 34 9107
46 38 9566
46 43 9295
46 44 9990
46 50 9573
46 52 9653
46 55 9393
46 59 9003
46 61 9864
46 71 9485
46 75 9513
46 76 9578
46 77 9594
46 79 9969
46 99 9431
47 2 9035
47 5 9330
47 13 9480
47 14 9618
47 15 9739
47 16 9271
47 19 10000
47 20 9462
47 22 9140
47 28 9686
47 30 9007
47 35 9497
47 36 9691
47 49 9534
47 50 9109
47 51 9308
47 57 9373
47 62 9078
47 69 9233
47 75 9935
47 76 9216
47 79 9050
47 91 9309
47 96 9810
47 98 9284
48 2 9945
48 3 9306
48 5 9003
48 8 9902
48 9 9126
48 17 9416
48 18 9275
48 23 9407
48 24 9711
48 25 9165
48 37 9233
48 42 9575
48 43 9448
48 53 9329
48 55 9582
48 59 9166
48 72 9858
48 74 9032
48 76 9691
48 78 9515
48 84 9450
48 92 9501
49 3 9789
49 4 9852
49 9 9030
49 16 9550
49 19 9202
49 20 9281
49 22 9958
49 26 9255
49 29 9606
49 34 9128
49 36 9828
49 37 9787
49 40 9060
49 43 9961
49 47 9534
49 55 9469
49 56 9999
49 57 9713
49 64 9361
49 72 9651
49 75 9102
49 76 9045
49 81 9841
49 83 9105
49 84 9579
49 91 9995
49 93 9339
49 94 9538
49 96 9497
50 2 9606
50 8 9551
50 10 9109
50 11 9408
50 13 9944
50 14 9435
50 24 9587
50 33 9190
50 35 9478
50 36 9274
50 37 9775
50 39 9914
50 42 9835
50 43 9455
50 44 9549
50 46 9573
50 47 9109
50 52 10000
50 53 9085
50 54 9490
50 55 9976
50 57 9564
50 58 9572
50 62 9834
50 66 9191
50 70 9632
50 72 9822
50 76 9200
50 77 9457
50 80 9629
50 82 9150
50 87 9789
50 88 9445
50 89 9683
50 94 9043
50 99 9618
51 14 9024
51 16 9671
51 17 9571
51 19 9858
51 23 9306
51 27 9731
51 31 9785
51 32 9941
51 33 9651
51 37 9373
51 41 9482
51 42 9415
51 47 9308
51 56 9536
51 57 9505
51 59 9190
51 60 9613
51 61 9367
51 65 9689
51 67 9444
51 83 9069
51 86 9327
51 95 9170
52 7 9549
52 18 9491
52 20 9791
52 22 9250
52 23 9386
52 27 9300
52 29 9925
52 33 9380
52 38 9178
52 41 9526
52 42 9314
52 45 9828
52 46 9653
52 50 10000
52 53 9991
52 56 9959
52 58 9152
52 61 9295
52 62 9823
52 63 9824
52 64 9074
52 66 9044
52 70 9553
52 73 9395
52 74 9261
52 88 9790
52 90 9774
52 91 9730
52 92 9318
52 99 9596
53 5 9390
53 7 9671
53 8 9986
53 9 9027
53 15 9896
53 16 9156
53 17 9203
53 18 9414
53 20 9078
53 22 9141
53 24 9310
53 26 9076
53 28 10000
53 31 9491
53 33 9149
53 36 9746
53 37 9951
53 38 9899
53 39 9695
53 43 9721
53 48 9329
53 50 9085
53 52 9991
53 55 9279
53 56 9005
53 57 9945
53 60 9383
53 66 9690
53 68 9728
53 83 9644
53 88 9837
53 90 9050
53 92 9748
54 2 9697
54 12 9925
54 20 9597
54 28 9905
54 33 9889
54 34 9331
54 44 9409
54 50 9490
54 55 9922
54 57 9213
54 58 9293
54 59 9930
54 74 9303
54 75 9929
54 79 9899
54 83 9713
54 84 9266
54 93 9147
54 94 9472
55 3 9234
55 5 9244
55 7 9836
55 13 9522
55 15 9800
55 16 9606
55 17 9449
55 21 9868
55 24 9185
55 25 9070
55 26 9837
55 27 9255
55 33 9026
55 36 9692
55 37 9984
55 38 9953
55 40 9398
55 43 9173
55 45 9483
55 46 9393
55 48 9582
55 49 9469
55 50 9976
55 53 9279
55 54 9922
55 57 9537
55 58 9086
55 59 9569
55 62 9393
55 64 9017
55 65 9894
55 67 9764
55 72 9280
55 73 9382
55 75 9886
55 78 9220
55 83 9655
55 89 9952
55 92 9779
55 93 9942
55 95 9492
55 99 9536
56 1 9030
56 2 9080
56 8 9860
56 9 9937
56 13 9619
56 20 9381
56 22 9554
56 25 9214
56 28 9339
56 29 9289
56 30 9345
56 34 9478
56 38 9754
56 40 9821
56 41 9537
56 43 9404
56 45 9465
56 49 9999
56 51 9536
56 52 9959
56 53 9005
56 60 9135
56 67 9359
56 73 9828
56 77 9045
56 78 9072
56 85 9624
56 97 9615
56 99 9582
57 1 9644
57 2 9302
57 4 9582
57 5 9589
57 9 9705
57 11 9045
57 14 9397
57 17 9072
57 19 9018
57 23 9875
57 26 9472
57 32 9748
57 37 9693
57 41 9340
57 44 9294
57 47 9373
57 49 9713
57 50 9564
57 51 9505
57 53 9945
57 54 9213
57 55 9537
57 58 9590
57 66 9014
57 71 9576
57 73 9079
57 74 9652
57 78 9891
57 81 9995
57 89 9215
57 94 9075
57 97 9141
57 98 9075
58 2 9524
58 3 9848
58 4 9981
58 5 9993
58 6 9961
58 7 9025
58 10 9078
58 12 9421
58 14 9907
58 18 9704
58 21 9271
58 24 9184
58 28 9382
58 29 9599
58 33 9520
58 38 9023
58 40 9877
58 41 9710
58 45 9072
58 50 9572
58 52 9152
58 54 9293
58 55 9086
58 57 9590
58 66 9164
58 69 9642
58 70 9776
58 73 9826
58 74 9078
58 75 9963
58 76 9168
58 80 9848
58 82 9996
58 86 9827
58 89 9712
58 93 9074
58 94 9322
58 95 9880
58 97 9342
58 98 9686
59 1 9123
59 2 9102
59 4 9414
59 8 9779
59 9 9049
59 10 9190
59 18 9064
59 21 9794
59 22 9675
59 24 9717
59 27 9845
59 31 9336
59 38 9219
59 40 9457
59 41 9711
59 45 9093
59 46 9003
59 48 9166
59 51 9190
59 54 9930
59 55 9569
59 64 9121
59 71 9613
59 73 9076
59 74 9803
59 78 9064
59 79 9860
59 82 9916
59 83 9252
59 86 9825
59 87 9782
59 97 9034
60 1 9103
60 5 9875
60 6 9501
60 13 9668
60 15 9138
60 18 9198
60 20 9274
60 21 9925
60 22 9196
60 26 9860
60 27 9751
60 32 9287
60 34 9409
60 37 9999
60 39 9934
60 41 9938
60 43 9187
60 45 9305
60 51 9613
60 53 9383
60 56 9135
60 65 9678
60 76 9334
60 78 9265
60 79 9825
60 84 9681
60 86 9229
60 97 9280
61 2 9645
61 4 9886
61 5 9842
61 7 9942
61 16 9990
61 17 9215
61 19 9549
61 20 9719
61 24 9356
61 25 9215
61 29 9471
61 34 9157
61 38 9353
61 41 9137
61 46 9864
61 51 9367
61 52 9295
61 64 9953
61 70 9005
61 72 9206
61 77 9834
61 83 9033
61 84 9038
61 86 9038
61 87 9538
61 88 9002
61 89 9715
61 94 9310
61 96 9580
61 98 9028
62 2 9300
62 6 9074
62 8 9513
62 12 9643
62 13 9879
62 17 9995
62 22 9277
62 36 9839
62 38 9695
62 40 9307
62 41 9546
62 43 9797
62 44 9480
62 45 9483
62 47 9078
62 50 9834
62 52 9823
62 55 9393
62 66 9865
62 67 9093
62 69 9153
62 73 9441
62 75 9839
62 80 9638
62 87 9400
62 88 9440
62 89 9106
62 91 9540
62 93 9485
63 2 9690
63 3 9963
63 4 9420
63 20 9635
63 22 9389
63 23 9387
63 25 9970
63 27 9285
63 30 9894
63 34 9540
63 38 9835
63 44 9880
63 52 9824
63 66 9384
63 68 9406
63 71 9260
63 77 9110
63 78 9234
63 82 9253
63 88 9452
63 92 9567
63 95 9780
63 97 9969
63 99 9983
64 1 9815
64 2 9678
64 5 9886
64 8 9419
64 10 9612
64 11 9218
64 14 9568
64 17 9304
64 20 9254
64 22 9151
64 28 9102
64 29 9194
64 39 9542
64 45 9136
64 49 9361
64 52 9074
64 55 9017
64 59 9121
64 61 9953
64 70 9743
64 71 9381
64 72 9370
64 77 9945
64 84 9826
64 86 9649
64 88 9864
64 90 9934
64 94 9690
64 95 9179
64 98 9604
65 2 9865
65 3 9922
65 11 9702
65 19 9677
65 22 9736
65 23 9529
65 39 9622
65 44 9252
65 45 9257
65 51 9689
65 55 9894
65 60 9678
65 70 9482
65 74 9734
65 82 9205
65 84 9038
65 91 9976
65 92 9678
65 96 9651
65 97 9543
65 99 9867
66 4 9211
66 9 9221
66 17 9497
66 21 9885
66 27 9925
66 33 9542
66 35 9344
66 42 9856
66 43 9111
66 44 9260
66 50 9191
66 52 9044
66 53 9690
66 57 9014
66 58 9164
66 62 9865
66 63 9384
66 68 9559
66 71 9915
66 73 9194
66 76 9195
66 77 9368
66 80 9138
66 82 9002
66 83 9694
66 84 9931
66 86 9146
66 90 9157
66 95 9860
66 96 9963
67 2 9661
67 3 9347
67 9 9256
67 12 9059
67 14 9280
67 15 9980
67 22 9832
67 31 9316
67 32 9594
67 33 9047
67 36 9911
67 42 9243
67 43 9390
67 45 9417
67 51 9444
67 55 9764
67 56 9359
67 62 9093
67 68 9975
67 71 9080
67 75 9906
67 80 9785
67 81 9994
67 82 9540
67 84 9532
67 85 9760
67 91 9731
67 92 9609
67 95 9494
67 96 9429
67 97 9896
68 2 9388
68 3 9661
68 6 9280
68 7 9778
68 12 9016
68 14 9037
68 19 9044
68 22 9520
68 25 9949
68 38 9352
68 40 9624
68 41 9370
68 44 9570
68 53 9728
68 63 9406
68 66 9559
68 67 9975
68 71 9213
68 74 9038
68 75 9286
68 78 9715
68 92 9833
68 93 9659
68 94 9710
69 2 9708
69 13 9178
69 15 9914
69 24 9701
69 27 9670
69 29 9754
69 30 9442
69 33 9771
69 36 9275
69 39 9038
69 45 9944
69 47 9233
69 58 9642
69 62 9153
69 85 9486
69 88 9945
69 90 9853
69 95 9155
69 98 9440
69 99 9059
70 1 9144
70 3 9786
70 10 9196
70 18 9389
70 19 9533
70 26 9864
70 28 9431
70 31 9732
70 32 9203
70 42 9021
70 50 9632
70 52 9553
70 58 9776
70 61 9005
70 64 9743
70 65 9482
70 75 9553
70 87 9817
70 88 9254
70 90 9025
70 92 9252
70 93 9243
70 96 9920
70 99 9819
71 1 9259
71 2 9767
71 6 9791
71 7 9604
71 9 9346
71 12 9532
71 16 9752
71 18 9432
71 20 9732
71 24 9136
71 29 9342
71 30 9995
71 35 9559
71 36 9245
71 37 9336
71 40 9650
71 46 9485
71 57 9576
71 59 9613
71 63 9260
71 64 9381
71 66 9915
71 67 9080
71 68 9213
71 72 9399
71 78 9797
71 80 9037
71 81 9578
71 82 9119
71 87 9463
71 95 9016
71 97 9761
72 5 9067
72 11 9326
72 20 9171
72 22 9435
72 24 9202
72 32 9671
72 33 9821
72 37 9508
72 38 9731
72 39 9218
72 48 9858
72 49 9651
72 50 9822
72 55 9280
72 61 9206
72 64 9370
72 71 9399
72 73 9412
72 75 9237
72 76 9760
72 79 9383
72 81 9009
72 82 9393
72 83 9740
72 84 9213
72 89 9446
72 91 9561
72 92 9645
72 93 9475
72 94 9481
73 3 9176
73 4 9999
73 5 9571
73 7 9948
73 14 9669
73 15 9479
73 20 9850
73 21 9353
73 24 9302
73 25 9884
73 29 9569
73 33 9802
73 34 9861
73 37 9327
73 40 9371
73 45 9942
73 52 9395
73 55 9382
73 56 9828
73 57 9079
73 58 9826
73 59 9076
73 62 9441
73 66 9194
73 72 9412
73 74 9252
73 75 9202
73 80 9557
73 81 9352
73 83 9930
73 84 9112
73 87 9562
73 91 9529
73 98 9883
74 1 9327
74 4 9964
74 9 9178
74 24 9921
74 25 9383
74 26 9292
74 40 9927
74 45 9320
74 48 9032
74 52 9261
74 54 9303
74 57 9652
74 58 9078
74 59 9803
74 65 9734
74 68 9038
74 73 9252
74 75 9113
74 82 9952
74 86 9507
75 2 9011
75 4 9047
75 6 9091
75 7 9116
75 10 9118
75 12 9052
75 14 9226
75 19 9077
75 22 9086
75 28 9214
75 30 9399
75 37 9461
75 39 9638
75 40 9164
75 44 9691
75 45 9100
75 46 9513
75 47 9935
75 49 9102
75 54 9929
75 55 9886
75 58 9963
75 62 9839
75 67 9906
75 68 9286
75 70 9553
75 72 9237
75 73 9202
75 74 9113
75 76 9916
75 77 9954
75 85 9251
75 89 9598
75 91 9650
75 92 9181
75 98 9735
76 2 9785
76 11 9524
76 16 9069
76 24 9523
76 27 9893
76 38 9678
76 41 9665
76 42 9642
76 44 9915
76 45 9484
76 46 9578
76 47 9216
76 48 9691
76 49 9045
76 50 9200
76 58 9168
76 60 9334
76 66 9195
76 72 9760
76 75 9916
76 77 9545
76 96 9720
77 6 9821
77 9 9110
77 10 9957
77 12 9032
77 15 9682
77 20 9861
77 23 9223
77 25 9415
77 28 9025
77 35 9376
77 38 9347
77 43 9720
77 46 9594
77 50 9457
77 56 9045
77 61 9834
77 63 9110
77 64 9945
77 66 9368
77 75 9954
77 76 9545
77 83 9737
77 86 9864
77 87 9498
77 88 9178
77 89 9898
77 90 9231
77 96 9543
77 97 9155
77 98 9185
78 1 9740
78 3 9643
78 6 9505
78 8 9237
78 9 9219
78 22 9770
78 23 9774
78 31 9475
78 34 9778
78 42 9035
78 45 9219
78 48 9515
78 55 9220
78 56 9072
78 57 9891
78 59 9064
78 60 9265
78 63 9234
78 68 9715
78 71 9797
78 82 9675
78 86 9190
78 88 9086
78 92 9575
78 93 9849
78 97 9422
79 1 9313
79 3 9043
79 4 9373
79 10 9520
79 11 9576
79 19 9191
79 25 9866
79 30 9319
79 32 9666
79 33 9855
79 36 9498
79 38 9031
79 41 9780
79 46 9969
79 47 9050
79 54 9899
79 59 9860
79 60 9825
79 72 9383
79 80 9537
79 84 9234
79 85 9699
79 88 9829
79 95 9481
80 1 9779
80 5 9278
80 8 9875
80 14 9920
80 16 9120
80 20 9263
80 26 9605
80 28 9057
80 31 9154
80 33 9583
80 34 9481
80 37 9225
80 50 9629
80 58 9848
80 62 9638
80 66 9138
80 67 9785
80 71 9037
80 73 9557
80 79 9537
80 84 9885
80 85 9344
80 88 9567
80 91 9045
80 94 9321
80 95 9908
80 96 9539
80 98 9611
80 99 9901
81 4 9352
81 5 9195
81 11 9238
81 12 9695
81 14 9603
81 22 9447
81 26 9154
81 27 9619
81 29 9827
81 30 9244
81 35 9325
81 37 9604
81 39 9415
81 40 9659
81 42 9464
81 49 9841
81 57 9995
81 67 9994
81 71 9578
81 72 9009
81 73 9352
81 82 9438
81 83 9427
81 86 9221
81 87 9832
81 88 9842
81 91 9358
81 94 9325
81 96 9278
81 99 9899
82 3 9156
82 7 9147
82 11 9002
82 13 9634
82 14 9242
82 18 9509
82 20 9959
82 23 9640
82 24 9421
82 26 9313
82 33 9519
82 34 9679
82 39 9405
82 43 9443
82 50 9150
82 58 9996
82 59 9916
82 63 9253
82 65 9205
82 66 9002
82 67 9540
82 71 9119
82 72 9393
82 74 9952
82 78 9675
82 81 9438
82 85 9587
82 93 9694
83 1 9348
83 2 9032
83 8 9054
83 10 9774
83 13 9235
83 18 9112
83 21 9181
83 23 9191
83 26 9613
83 27 9222
83 28 9198
83 30 9562
83 33 9826
83 35 9166
83 36 9507
83 39 9734
83 49 9105
83 51 9069
83 53 9644
83 54 9713
83 55 9655
83 59 9252
83 61 9033
83 66 9694
83 72 9740
83 73 9930
83 77 9737
83 81 9427
83 88 9422
83 94 9972
83 96 9218
84 1 9541
84 16 9347
84 20 9955
84 23 9833
84 25 9872
84 32 9136
84 35 9858
84 36 9342
84 41 9059
84 45 9342
84 48 9450
84 49 9579
84 54 9266
84 60 9681
84 61 9038
84 64 9826
84 65 9038
84 66 9931
84 67 9532
84 72 9213
84 73 9112
84 79 9234
84 80 9885
84 85 9074
84 86 9363
84 88 9717
84 90 9916
84 91 9838
84 93 9837
84 99 9816
85 5 9586
85 7 9982
85 15 9114
85 19 9980
85 24 9923
85 25 9165
85 27 9741
85 41 9446
85 42 9336
85 45 9633
85 56 9624
85 67 9760
85 69 9486
85 75 9251
85 79 9699
85 80 9344
85 82 9587
85 84 9074
85 86 9145
85 90 9488
85 94 9612
86 12 9439
86 15 9289
86 16 9173
86 17 9607
86 25 9243
86 27 9703
86 29 9639
86 30 9022
86 31 9957
86 33 9170
86 35 9828
86 38 9922
86 40 9081
86 41 9042
86 42 9294
86 51 9327
86 58 9827
86 59 9825
86 60 9229
86 61 9038
86 64 9649
86 66 9146
86 74 9507
86 77 9864
86 78 9190
86 81 9221
86 84 9363
86 85 9145
86 88 9588
86 89 9875
86 95 9291
87 2 9421
87 4 9327
87 8 9986
87 9 9300
87 11 9492
87 13 9282
87 14 9828
87 15 9247
87 17 9302
87 18 9744
87 22 9105
87 28 9839
87 30 9567
87 50 9789
87 59 9782
87 61 9538
87 62 9400
87 70 9817
87 71 9463
87 73 9562
87 77 9498
87 81 9832
87 88 9736
87 89 9674
87 97 9911
87 99 9422
88 7 9274
88 9 9722
88 10 9588
88 14 9801
88 15 9659
88 17 9141
88 21 9367
88 24 9741
88 26 9993
88 27 9552
88 28 9955
88 32 9041
88 41 9908
88 42 9858
88 50 9445
88 52 9790
88 53 9837
88 61 9002
88 62 9440
88 63 9452
88 64 9864
88 69 9945
88 70 9254
88 77 9178
88 78 9086
88 79 9829
88 80 9567
88 81 9842
88 83 9422
88 84 9717
88 86 9588
88 87 9736
88 93 9141
88 94 9952
88 95 9809
89 2 9807
89 4 9519
89 5 9009
89 12 9243
89 15 9303
89 16 9114
89 17 9870
89 23 9743
89 24 9147
89 26 9582
89 29 9090
89 36 9850
89 38 9385
89 39 9183
89 40 9487
89 42 9203
89 45 9533
89 50 9683
89 55 9952
89 57 9215
89 58 9712
89 61 9715
89 62 9106
89 72 9446
89 75 9598
89 77 9898
89 86 9875
89 87 9674
89 90 9031
89 91 9189
89 92 9849
89 97 9835
90 3 9659
90 8 9158
90 11 9413
90 12 9579
90 14 9905
90 25 9674
90 34 9115
90 38 9286
90 39 9940
90 41 9496
90 42 9436
90 52 9774
90 53 9050
90 64 9934
90 66 9157
90 69 9853
90 70 9025
90 77 9231
90 84 9916
90 85 9488
90 89 9031
90 98 9500
90 99 9062
91 3 9400
91 5 9870
91 10 9524
91 14 9349
91 28 9799
91 31 9254
91 32 9507
91 33 9997
91 34 9411
91 35 9951
91 39 9098
91 42 9365
91 43 9999
91 47 9309
91 49 9995
91 52 9730
91 62 9540
91 65 9976
91 67 9731
91 72 9561
91 73 9529
91 75 9650
91 80 9045
91 81 9358
91 84 9838
91 89 9189
91 95 9984
92 1 9884
92 2 9864
92 4 9233
92 11 9268
92 12 9714
92 17 9772
92 18 9797
92 25 9232
92 27 9061
92 28 9222
92 32 9402
92 33 9751
92 41 9872
92 44 9096
92 48 9501
92 52 9318
92 53 9748
92 55 9779
92 63 9567
92 65 9678
92 67 9609
92 68 9833
92 70 9252
92 72 9645
92 75 9181
92 78 9575
92 89 9849
92 93 9671
92 94 9816
92 95 9601
92 97 9515
93 2 9703
93 3 9763
93 5 9717
93 6 9695
93 10 9124
93 15 9600
93 23 9782
93 25 9610
93 27 9818
93 28 9941
93 29 9518
93 30 9285
93 43 9616
93 49 9339
93 54 9147
93 55 9942
93 58 9074
93 62 9485
93 68 9659
93 70 9243
93 72 9475
93 78 9849
93 82 9694
93 84 9837
93 88 9141
93 92 9671
93 99 9836
94 1 9247
94 2 9946
94 3 9598
94 8 9036
94 13 9043
94 16 9289
94 17 9039
94 19 9147
94 20 9583
94 22 9434
94 24 9714
94 26 9980
94 28 9897
94 32 9368
94 33 9657
94 45 9547
94 49 9538
94 50 9043
94 54 9472
94 57 9075
94 58 9322
94 61 9310
94 64 9690
94 68 9710
94 72 9481
94 80 9321
94 81 9325
94 83 9972
94 85 9612
94 88 9952
94 92 9816
94 95 9256
95 1 9665
95 5 9607
95 8 9071
95 9 9739
95 12 9833
95 15 9531
95 21 9421
95 23 9207
95 24 9916
95 35 9272
95 37 9935
95 39 9497
95 40 9315
95 51 9170
95 55 9492
95 58 9880
95 63 9780
95 64 9179
95 66 9860
95 67 9494
95 69 9155
95 71 9016
95 79 9481
95 80 9908
95 86 9291
95 88 9809
95 91 9984
95 92 9601
95 94 9256
95 99 9606
96 1 9698
96 7 9191
96 8 9881
96 11 9435
96 12 9374
96 18 9718
96 22 9955
96 23 9437
96 29 9966
96 33 9687
96 34 9647
96 35 9497
96 47 9810
96 49 9497
96 61 9580
96 65 9651
96 66 9963
96 67 9429
96 70 9920
96 76 9720
96 77 9543
96 80 9539
96 81 9278
96 83 9218
96 98 9596
97 2 9951
97 8 9786
97 9 9553
97 17 9554
97 25 9676
97 26 9934
97 27 9289
97 31 9913
97 37 9009
97 40 9425
97 56 9615
97 57 9141
97 58 9342
97 59 9034
97 60 9280
97 63 9969
97 65 9543
97 67 9896
97 71 9761
97 77 9155
97 78 9422
97 87 9911
97 89 9835
97 92 9515
97 99 9988
98 1 9122
98 2 9171
98 6 9602
98 10 9940
98 11 9849
98 12 9921
98 13 9837
98 15 9031
98 17 9498
98 25 9943
98 29 9232
98 31 9529
98 35 9605
98 36 9411
98 37 9305
98 44 9634
98 47 9284
98 57 9075
98 58 9686
98 61 9028
98 64 9604
98 69 9440
98 73 9883
98 75 9735
98 77 9185
98 80 9611
98 90 9500
98 96 9596
98 99 9337
6 t 9605
9 t 9270
13 t 9905
21 t 9539
27 t 9354
29 t 9907
33 t 9012
34 t 9962
36 t 9431
38 t 9603
46 t 9431
50 t 9618
52 t 9596
55 t 9536
56 t 9582
63 t 9983
65 t 9867
69 t 9059
70 t 9819
80 t 9901
81 t 9899
84 t 9816
87 t 9422
90 t 9062
93 t 9836
95 t 9606
97 t 9988
98 t 9337
