s 2 9888
s 7 9062
s 13 6584
s 16 8361
s 21 8771
s 25 6469
s 27 9825
s 30 6504
s 33 9067
s 34 7385
s 35 8895
s 38 7820
s 41 9694
s 42 7557
s 43 7244
s 45 6894
s 50 7401
s 53 9804
s 57 8584
s 62 6018
s 70 8335
s 71 7013
s 79 7233
s 80 6505
s 81 9258
s 84 8041
s 85 8350
s 92 6549
s 94 6468
s 97 9785
s 99 8963
1 4 8326
1 5 7456
1 6 8262
1 10 9534
1 15 9705
1 17 9900
1 19 6091
1 20 6065
1 22 9680
1 23 6008
1 25 8385
1 27 6081
1 36 6361
1 39 8291
1 41 9054
1 51 9589
1 54 8092
1 56 8046
1 65 7819
1 66 9047
1 67 8463
1 68 7384
1 69 6820
1 75 7029
1 77 7031
1 83 6174
1 85 8806
1 87 9181
1 92 6117
1 96 8326
1 99 6733
2 3 7934
2 4 9776
2 6 8028
2 7 8914
2 15 9174
2 18 6432
2 19 6374
2 20 9170
2 22 7082
2 24 6534
2 26 6170
2 38 6940
2 39 7210
2 43 7305
2 44 7684
2 46 6872
2 47 9879
2 52 6268
2 53 6268
2 59 6979
2 60 8526
2 61 9638
2 68 7879
2 76 7027
2 79 8583
2 81 8660
2 82 9343
2 83 9022
2 85 7007
2 90 9025
2 91 9717
2 93 8419
3 2 7934
3 4 6213
3 6 7420
3 9 9709
3 15 9181
3 16 7770
3 18 6781
3 20 8079
3 25 7614
3 27 8530
3 33 6453
3 38 8962
3 39 6361
3 42 9335
3 43 7147
3 46 7896
3 51 8965
3 54 9687
3 56 9557
3 57 9419
3 60 7030
3 61 9777
3 62 8509
3 63 6392
3 71 7252
3 83 9371
3 88 8070
3 89 8929
3 90 8699
3 93 9878
3 97 7629
4 1 8326
4 2 9776
4 3 6213
4 5 8024
4 10 9863
4 19 7397
4 20 7418
4 26 6178
4 28 6640
4 30 7711
4 33 6972
4 35 6500
4 37 9025
4 38 6767
4 39 8745
4 44 9768
4 46 8769
4 48 7555
4 55 7974
4 61 8376
4 63 6310
4 64 8555
4 69 8736
4 70 7691
4 72 8907
4 75 6346
4 79 7794
4 80 7847
4 82 8564
4 83 6438
4 86 9512
4 87 8588
4 89 7226
4 90 7958
4 94 8816
4 95 7854
4 96 6357
5 1 7456
5 4 8024
5 6 6992
5 9 8697
5 15 9416
5 18 8719
5 21 9915
5 22 9510
5 23 6202
5 29 7932
5 32 6884
5 40 9058
5 49 6035
5 50 7879
5 51 8356
5 52 8354
5 53 7874
5 58 7119
5 59 8871
5 65 6214
5 66 6908
5 67 6747
5 71 6828
5 72 6746
5 76 7899
5 78 6366
5 79 9992
5 80 6166
5 84 7069
5 89 7433
5 93 8135
5 95 8624
5 96 9348
6 1 8262
6 2 8028
6 3 7420
6 5 6992
6 11 8589
6 18 9909
6 21 8585
6 22 8036
6 25 8764
6 29 6678
6 31 9290
6 32 8510
6 38 9110
6 43 8193
6 44 9309
6 47 8544
6 55 6555
6 58 9493
6 60 6821
6 66 7452
6 68 6100
6 74 7962
6 81 6058
6 82 6944
6 83 7475
6 84 6475
6 87 6003
6 94 8410
6 99 9002
7 2 8914
7 8 9244
7 9 7432
7 12 6784
7 18 9792
7 19 8585
7 22 7224
7 26 7290
7 29 8528
7 31 8157
7 32 7515
7 35 9103
7 38 6155
7 42 6646
7 46 8955
7 47 8272
7 50 9190
7 57 6710
7 63 6875
7 71 9785
7 72 6991
7 73 7410
7 74 9281
7 80 8074
7 81 9841
7 83 8990
7 89 7234
7 90 8803
7 91 9613
7 94 7474
8 7 9244
8 10 9190
8 14 6783
8 24 6581
8 28 7396
8 29 9356
8 34 8768
8 38 9707
8 40 7604
8 43 8575
8 45 8035
8 46 6395
8 49 9507
8 56 6537
8 57 8070
8 58 7045
8 59 8633
8 63 8480
8 65 8572
8 66 6860
8 71 7630
8 72 7682
8 73 9978
8 77 9556
8 83 6662
8 85 6697
8 91 9187
8 92 9314
8 97 7991
8 98 8514
9 3 9709
9 5 8697
9 7 7432
9 19 6055
9 21 6815
9 31 9074
9 35 6837
9 40 9052
9 47 7048
9 50 8754
9 53 9146
9 55 7597
9 56 6934
9 58 6276
9 64 8643
9 71 8446
9 72 9647
9 73 7265
9 75 6939
9 76 8484
9 77 6022
9 78 8661
9 81 6641
9 84 9713
9 94 6755
10 1 9534
10 4 9863
10 8 9190
10 19 8735
10 22 9542
10 25 6259
10 29 8448
10 31 9037
10 33 6719
10 36 6885
10 50 7875
10 52 6575
10 56 9180
10 57 8951
10 58 7838
10 65 6233
10 66 8074
10 70 8499
10 71 8128
10 72 9217
10 74 6995
10 77 8957
10 79 8245
10 81 7024
10 82 9763
10 89 9933
10 90 8934
10 91 9651
10 97 7998
10 99 6381
11 6 8589
11 13 7414
11 15 9608
11 17 7573
11 21 8497
11 22 6805
11 23 6912
11 25 7374
11 27 7211
11 28 9629
11 29 6967
11 31 7626
11 36 7024
11 37 8004
11 38 6506
11 43 8780
11 45 9067
11 50 9618
11 53 7178
11 57 6886
11 58 6986
11 60 7684
11 68 9245
11 71 8779
11 74 6112
11 80 7684
11 83 9947
11 89 9582
11 92 8800
11 93 7017
11 99 9366
12 7 6784
12 14 7617
12 15 8855
12 20 9960
12 23 7767
12 25 6640
12 27 6849
12 37 8090
12 38 7228
12 39 6621
12 41 6711
12 45 9505
12 46 9456
12 48 9600
12 55 6001
12 57 6275
12 58 6233
12 59 6067
12 61 7337
12 62 7705
12 72 8634
12 73 9743
12 78 8072
12 83 6592
12 84 7030
12 85 9720
12 87 7647
12 88 8635
12 91 7576
12 93 6860
12 95 8666
12 98 6901
12 99 6451
13 11 7414
13 15 9613
13 17 9601
13 20 8385
13 23 8058
13 26 9842
13 28 7259
13 40 9707
13 46 6362
13 51 8985
13 54 9150
13 59 7815
13 60 6737
13 62 8766
13 64 8710
13 68 8762
13 71 9654
13 76 8665
13 77 8381
13 78 7952
13 80 6584
13 82 6541
13 83 8257
13 86 8723
13 87 8219
13 88 9761
13 93 7480
13 94 8829
13 95 7266
13 96 7954
13 97 8944
13 98 6889
14 8 6783
14 12 7617
14 17 9132
14 23 7937
14 25 6178
14 32 9996
14 34 8777
14 36 8124
14 37 9736
14 38 9849
14 41 8452
14 47 9815
14 50 6589
14 51 7152
14 52 6582
14 57 9193
14 58 7391
14 60 6050
14 62 6363
14 64 7329
14 65 7462
14 66 9176
14 68 6881
14 70 7066
14 78 7197
14 81 8210
14 82 8658
14 83 9123
14 85 6071
14 86 9564
14 90 6245
14 91 9472
14 92 7158
14 93 8555
15 1 9705
15 2 9174
15 3 9181
15 5 9416
15 11 9608
15 12 8855
15 13 9613
15 19 7648
15 20 6280
15 21 9818
15 24 8516
15 25 9699
15 26 8635
15 34 7789
15 39 9596
15 42 6892
15 43 6334
15 46 7689
15 47 7186
15 50 7683
15 55 8932
15 58 9822
15 60 9972
15 64 9125
15 66 9210
15 70 7961
15 76 7310
15 79 6594
15 83 8001
15 84 6116
15 85 6786
15 96 8646
16 3 7770
16 36 7473
16 37 7119
16 38 8298
16 42 7647
16 50 7490
16 52 7906
16 54 8576
16 56 9735
16 57 8172
16 60 7482
16 61 9366
16 65 6501
16 66 8692
16 67 7373
16 73 9567
16 75 7482
16 79 7386
16 82 9311
16 88 7195
16 91 7577
16 92 7310
16 98 7450
16 99 6262
17 1 9900
17 11 7573
17 13 9601
17 14 9132
17 18 7153
17 19 8865
17 21 8492
17 24 6789
17 28 8849
17 34 7135
17 38 8377
17 39 9817
17 40 7504
17 43 8621
17 44 9332
17 46 9628
17 47 7279
17 49 6208
17 53 8034
17 56 7073
17 57 6260
17 59 7607
17 60 6375
17 61 7806
17 62 8703
17 65 9639
17 66 7468
17 68 7818
17 74 8944
17 82 8205
17 88 8963
17 89 7066
17 90 7687
17 95 8208
17 98 6125
18 2 6432
18 3 6781
18 5 8719
18 6 9909
18 7 9792
18 17 7153
18 21 7334
18 22 6330
18 28 6709
18 31 6739
18 32 8911
18 33 6278
18 40 6610
18 43 7054
18 44 8542
18 45 6722
18 50 7103
18 51 9023
18 55 7698
18 58 8039
18 64 7246
18 66 9817
18 76 7275
18 77 8212
18 79 8322
18 82 9665
18 83 6970
18 84 9020
18 85 7213
18 89 9904
18 94 8527
19 1 6091
19 2 6374
19 4 7397
19 7 8585
19 9 6055
19 10 8735
19 15 7648
19 17 8865
19 22 8370
19 31 7720
19 44 6535
19 45 7135
19 50 8517
19 57 8043
19 61 6279
19 64 6992
19 65 8988
19 66 6797
19 67 9298
19 71 7889
19 73 8363
19 75 7581
19 78 9282
19 79 9700
19 80 9387
19 81 6313
19 82 6550
19 83 8958
19 85 8257
19 88 8088
19 92 7211
19 95 7247
19 97 8052
20 1 6065
20 2 9170
20 3 8079
20 4 7418
20 12 9960
20 13 8385
20 15 6280
20 21 8965
20 27 6738
20 30 7609
20 32 6232
20 33 8249
20 34 9535
20 39 9014
20 43 9415
20 47 6890
20 48 9258
20 50 9944
20 52 9326
20 54 9463
20 58 6967
20 59 8686
20 60 7955
20 64 9451
20 66 6340
20 67 6019
20 69 8943
20 71 6520
20 76 7318
20 79 9957
20 81 9263
20 84 7193
20 85 8620
20 87 9028
20 93 7513
20 97 7461
20 98 6373
21 5 9915
21 6 8585
21 9 6815
21 11 8497
21 15 9818
21 17 8492
21 18 7334
21 20 8965
21 22 8398
21 24 8607
21 25 7281
21 29 6124
21 33 7657
21 36 8932
21 38 9339
21 39 7611
21 46 9815
21 49 7289
21 53 9315
21 55 7247
21 64 7510
21 65 9728
21 67 7100
21 69 6936
21 73 9747
21 74 6251
21 87 8513
21 93 6364
22 1 9680
22 2 7082
22 5 9510
22 6 8036
22 7 7224
22 10 9542
22 11 6805
22 18 6330
22 19 8370
22 21 8398
22 23 6639
22 27 9384
22 33 7566
22 36 8772
22 41 8585
22 44 8420
22 46 8158
22 50 7152
22 55 7880
22 60 6390
22 64 7555
22 65 8042
22 66 8271
22 78 7328
22 81 9784
22 84 6718
22 85 6896
22 89 9391
22 90 7204
23 1 6008
23 5 6202
23 11 6912
23 12 7767
23 13 8058
23 14 7937
23 22 6639
23 25 6783
23 27 7480
23 28 8078
23 29 8105
23 31 8844
23 34 6582
23 36 7692
23 51 6703
23 57 8989
23 58 6111
23 59 9925
23 60 6558
23 69 7031
23 73 6843
23 76 6222
23 82 9052
23 83 9234
23 85 6940
24 2 6534
24 8 6581
24 15 8516
24 17 6789
24 21 8607
24 29 8614
24 31 6500
24 33 6827
24 34 7453
24 38 7483
24 39 7888
24 41 8992
24 44 8376
24 55 7475
24 56 9653
24 57 8771
24 63 8075
24 64 9052
24 66 9348
24 67 6613
24 72 7552
24 74 9978
24 75 7082
24 83 7543
24 89 6730
24 91 8658
25 1 8385
25 3 7614
25 6 8764
25 10 6259
25 11 7374
25 12 6640
25 14 6178
25 15 9699
25 21 7281
25 23 6783
25 27 8982
25 28 8890
25 29 7494
25 33 6671
25 36 8515
25 41 7202
25 44 8225
25 45 6055
25 46 9550
25 47 6451
25 52 8087
25 54 8130
25 69 7719
25 80 8547
25 82 6276
25 88 8990
25 89 6745
25 95 6552
25 98 6726
25 99 7133
26 2 6170
26 4 6178
26 7 7290
26 13 9842
26 15 8635
26 28 9141
26 34 6215
26 37 6281
26 44 7971
26 48 6750
26 49 7143
26 52 7480
26 56 7573
26 57 8505
26 62 6955
26 63 7788
26 64 7502
26 72 8976
26 77 6147
26 84 9322
26 90 9091
26 96 6888
26 99 6028
27 1 6081
27 3 8530
27 11 7211
27 12 6849
27 20 6738
27 22 9384
27 23 7480
27 25 8982
27 28 8202
27 29 9999
27 33 6507
27 37 7352
27 40 7548
27 45 9330
27 46 8556
27 57 7075
27 59 6774
27 60 9564
27 62 7227
27 65 7171
27 69 8853
27 70 7675
27 74 6889
27 81 6279
27 82 9980
27 86 8734
27 88 9554
27 91 6274
27 93 9137
27 96 7568
27 97 7314
27 99 9757
28 4 6640
28 8 7396
28 11 9629
28 13 7259
28 17 8849
28 18 6709
28 23 8078
28 25 8890
28 26 9141
28 27 8202
28 30 8855
28 32 8824
28 33 8847
28 34 9965
28 35 9697
28 37 7111
28 39 7225
28 45 8976
28 47 8341
28 49 9974
28 50 7763
28 54 7599
28 57 9428
28 61 7480
28 65 9308
28 68 6957
28 70 7868
28 71 7484
28 72 9888
28 78 9207
28 79 7713
28 80 6844
28 86 9306
28 90 7717
28 93 8925
28 94 6386
28 99 7871
29 5 7932
29 6 6678
29 7 8528
29 8 9356
29 10 8448
29 11 6967
29 21 6124
29 23 8105
29 24 8614
29 25 7494
29 27 9999
29 33 9429
29 41 6862
29 43 7022
29 45 8466
29 54 6826
29 56 6304
29 57 6093
29 64 7333
29 66 6832
29 68 6454
29 70 7726
29 72 9361
29 77 8997
29 78 8679
29 83 6642
29 85 6779
29 89 9375
29 90 6486
29 93 7206
29 95 6670
30 4 7711
30 20 7609
30 28 8855
30 31 9215
30 32 7865
30 34 6627
30 46 7677
30 50 8184
30 60 7566
30 61 8723
30 65 8053
30 71 6426
30 74 9895
30 87 8235
30 93 6591
30 97 8492
30 99 6037
31 6 9290
31 7 8157
31 9 9074
31 10 9037
31 11 7626
31 18 6739
31 19 7720
31 23 8844
31 24 6500
31 30 9215
31 32 6798
31 35 6521
31 37 6898
31 45 7114
31 46 7937
31 49 8316
31 51 8341
31 52 6293
31 53 6642
31 54 9340
31 56 8258
31 57 7591
31 58 9928
31 59 6583
31 64 7194
31 65 6188
31 66 8413
31 68 8707
31 74 6637
31 75 7803
31 81 8527
31 88 6671
31 90 8725
32 5 6884
32 6 8510
32 7 7515
32 14 9996
32 18 8911
32 20 6232
32 28 8824
32 30 7865
32 31 6798
32 34 8426
32 35 6593
32 38 6790
32 43 8011
32 47 6912
32 51 6493
32 56 6060
32 58 6141
32 60 9691
32 62 9487
32 68 7135
32 69 7773
32 70 9257
32 72 9032
32 78 8552
32 84 8802
32 86 8002
32 88 9717
32 98 6178
33 3 6453
33 4 6972
33 10 6719
33 18 6278
33 20 8249
33 21 7657
33 22 7566
33 24 6827
33 25 6671
33 27 6507
33 28 8847
33 29 9429
33 37 9801
33 39 9412
33 42 9406
33 48 6984
33 50 6966
33 51 9401
33 57 9318
33 58 9852
33 61 9624
33 64 9690
33 73 8418
33 74 7683
33 78 7888
33 83 7446
33 84 7224
33 93 9951
33 95 6514
33 98 8758
34 8 8768
34 14 8777
34 15 7789
34 17 7135
34 20 9535
34 23 6582
34 24 7453
34 26 6215
34 28 9965
34 30 6627
34 32 8426
34 38 8197
34 40 8960
34 42 8464
34 44 7381
34 48 6669
34 54 7084
34 58 9803
34 65 6579
34 68 6683
34 73 7816
34 76 8752
34 81 9670
34 89 9926
34 91 6279
34 95 6906
34 96 7178
34 98 8774
35 4 6500
35 7 9103
35 9 6837
35 28 9697
35 31 6521
35 32 6593
35 40 8703
35 41 7316
35 42 8827
35 43 9883
35 45 9200
35 48 6877
35 51 6803
35 52 6496
35 53 9609
35 56 9338
35 57 6482
35 58 8335
35 59 6898
35 63 7482
35 64 7248
35 66 6207
35 75 7078
35 84 8892
35 87 9689
35 89 9330
35 91 9699
35 94 7660
35 96 7848
35 97 6567
36 1 6361
36 10 6885
36 11 7024
36 14 8124
36 16 7473
36 21 8932
36 22 8772
36 23 7692
36 25 8515
36 40 6236
36 44 9040
36 47 7522
36 61 6823
36 67 6657
36 68 6795
36 72 9282
36 74 7724
36 80 9956
36 81 7157
36 84 6972
36 87 7016
36 94 6803
36 95 6356
36 97 6951
37 4 9025
37 11 8004
37 12 8090
37 14 9736
37 16 7119
37 26 6281
37 27 7352
37 28 7111
37 31 6898
37 33 9801
37 38 7777
37 39 6940
37 43 6351
37 48 6674
37 49 8841
37 52 6143
37 53 7292
37 60 8083
37 62 7665
37 67 6202
37 73 9199
37 79 7751
37 83 6864
37 86 9884
37 87 7808
37 89 7775
37 94 7389
37 96 6626
38 2 6940
38 3 8962
38 4 6767
38 6 9110
38 7 6155
38 8 9707
38 11 6506
38 12 7228
38 14 9849
38 16 8298
38 17 8377
38 21 9339
38 24 7483
38 32 6790
38 34 8197
38 37 7777
38 39 8951
38 43 8944
38 53 9207
38 56 8053
38 57 9609
38 63 8117
38 67 7211
38 83 7907
38 91 7615
38 92 8386
38 95 7240
38 96 9167
38 97 8689
38 98 8630
39 1 8291
39 2 7210
39 3 6361
39 4 8745
39 12 6621
39 15 9596
39 17 9817
39 20 9014
39 21 7611
39 24 7888
39 28 7225
39 33 9412
39 37 6940
39 38 8951
39 42 6658
39 47 6862
39 51 6164
39 53 9901
39 54 8379
39 62 9392
39 65 7056
39 66 9647
39 68 9058
39 73 6351
39 74 9598
39 80 6266
39 81 7614
39 82 7459
39 84 7685
39 87 9954
39 88 6939
39 89 7663
39 95 8864
39 96 9626
39 97 6750
39 98 7463
40 5 9058
40 8 7604
40 9 9052
40 13 9707
40 17 7504
40 18 6610
40 27 7548
40 34 8960
40 35 8703
40 36 6236
40 42 9554
40 43 6405
40 45 9523
40 47 6555
40 53 9783
40 54 9961
40 57 8939
40 60 6366
40 70 6316
40 72 6567
40 75 8235
40 79 7868
40 81 9070
40 84 9683
40 85 6523
40 86 9736
40 88 7732
40 91 7276
40 92 9316
40 95 6311
40 97 6699
40 98 8994
41 1 9054
41 12 6711
41 14 8452
41 22 8585
41 24 8992
41 25 7202
41 29 6862
41 35 7316
41 47 8678
41 48 8517
41 49 6207
41 59 7152
41 60 8051
41 70 7341
41 78 6514
41 80 8501
41 83 9911
41 84 7811
41 87 7407
41 94 8072
42 3 9335
42 7 6646
42 15 6892
42 16 7647
42 33 9406
42 34 8464
42 35 8827
42 39 6658
42 40 9554
42 44 7495
42 45 9736
42 46 6939
42 52 9119
42 57 9718
42 63 6189
42 69 8886
42 71 9353
42 73 7730
42 78 7507
42 80 9610
42 81 6597
42 84 8168
42 88 6710
42 89 6960
42 91 7437
42 93 8174
42 95 9957
42 97 6987
42 98 8130
43 2 7305
43 3 7147
43 6 8193
43 8 8575
43 11 8780
43 15 6334
43 17 8621
43 18 7054
43 20 9415
43 29 7022
43 32 8011
43 35 9883
43 37 6351
43 38 8944
43 40 6405
43 46 9104
43 47 6176
43 48 7839
43 50 7382
43 53 9937
43 59 6132
43 63 8332
43 67 9268
43 68 7337
43 71 9669
43 72 8262
43 75 8015
43 76 8975
43 79 7878
43 82 8491
43 83 9365
43 84 8514
43 87 7262
43 90 6527
43 95 7345
43 96 6675
43 97 8393
43 98 8575
44 2 7684
44 4 9768
44 6 9309
44 17 9332
44 18 8542
44 19 6535
44 22 8420
44 24 8376
44 25 8225
44 26 7971
44 34 7381
44 36 9040
44 42 7495
44 48 9961
44 51 7242
44 57 7144
44 59 6796
44 63 7079
44 75 8667
44 76 6092
44 77 6484
44 84 9644
44 85 7546
44 90 8509
44 91 7385
44 95 7712
44 97 7356
44 99 9330
45 8 8035
45 11 9067
45 12 9505
45 18 6722
45 19 7135
45 25 6055
45 27 9330
45 28 8976
45 29 8466
45 31 7114
45 35 9200
45 40 9523
45 42 9736
45 47 6048
45 49 7021
45 52 9367
45 56 9645
45 64 6715
45 68 9869
45 72 8110
45 81 6250
45 82 9268
45 83 8087
45 85 7793
45 91 8094
45 96 7448
46 2 6872
46 3 7896
46 4 8769
46 7 8955
46 8 6395
46 12 9456
46 13 6362
46 15 7689
46 17 9628
46 21 9815
46 22 8158
46 25 9550
46 27 8556
46 30 7677
46 31 7937
46 42 6939
46 43 9104
46 47 9814
46 49 7501
46 53 6607
46 59 9920
46 60 8067
46 63 7260
46 67 8864
46 70 6877
46 74 8125
46 76 9609
46 77 8426
46 90 7724
46 95 6273
47 2 9879
47 6 8544
47 7 8272
47 9 7048
47 14 9815
47 15 7186
47 17 7279
47 20 6890
47 25 6451
47 28 8341
47 32 6912
47 36 7522
47 39 6862
47 40 6555
47 41 8678
47 43 6176
47 45 6048
47 46 9814
47 49 8900
47 57 8533
47 58 8150
47 59 7101
47 60 9510
47 61 8193
47 63 7680
47 70 9285
47 75 8040
47 83 9570
47 87 6508
47 89 8302
47 91 8570
47 95 7672
47 97 9931
48 4 7555
48 12 9600
48 20 9258
48 26 6750
48 33 6984
48 34 6669
48 35 6877
48 37 6674
48 41 8517
48 43 7839
48 44 9961
48 51 9605
48 54 8133
48 55 6631
48 57 9939
48 58 6381
48 65 8691
48 66 7621
48 67 6539
48 68 8962
48 70 9926
48 71 9509
48 73 9824
48 75 9388
48 81 7535
48 84 6436
48 87 9268
48 93 9228
48 94 6802
49 5 6035
49 8 9507
49 17 6208
49 21 7289
49 26 7143
49 28 9974
49 31 8316
49 37 8841
49 41 6207
49 45 7021
49 46 7501
49 47 8900
49 50 7612
49 54 7073
49 58 6228
49 59 9767
49 64 9917
49 68 8090
49 75 9745
49 77 7587
49 78 8490
49 79 6148
49 80 9752
49 81 7514
49 83 9564
49 84 9838
49 85 6512
49 90 6805
49 93 9820
50 5 7879
50 7 9190
50 9 8754
50 10 7875
50 11 9618
50 14 6589
50 15 7683
50 16 7490
50 18 7103
50 19 8517
50 20 9944
50 22 7152
50 28 7763
50 30 8184
50 33 6966
50 43 7382
50 49 7612
50 53 9321
50 57 6123
50 61 8052
50 64 8271
50 67 9708
50 68 6405
50 71 8978
50 73 8252
50 74 7592
50 75 9645
50 76 6876
50 77 9622
50 80 7340
50 87 7885
50 88 8497
50 89 9957
50 90 6287
50 91 7197
50 97 7212
50 98 7263
51 1 9589
51 3 8965
51 5 8356
51 13 8985
51 14 7152
51 18 9023
51 23 6703
51 31 8341
51 32 6493
51 33 9401
51 35 6803
51 39 6164
51 44 7242
51 48 9605
51 53 7392
51 54 7508
51 57 6199
51 58 9642
51 60 7881
51 63 8054
51 64 9267
51 66 8429
51 67 7555
51 68 7567
51 69 7579
51 72 8147
51 75 7341
51 76 9855
51 84 7593
51 89 6036
51 91 7266
51 95 6401
52 2 6268
52 5 8354
52 10 6575
52 14 6582
52 16 7906
52 20 9326
52 25 8087
52 26 7480
52 31 6293
52 35 6496
52 37 6143
52 42 9119
52 45 9367
52 54 8368
52 57 9555
52 61 9666
52 63 7054
52 64 9660
52 65 9537
52 66 8888
52 70 6920
52 72 8929
52 76 8506
52 78 6435
52 83 8446
52 87 6858
52 88 7225
52 89 9150
52 91 7482
52 93 7951
52 99 7748
53 2 6268
53 5 7874
53 9 9146
53 11 7178
53 17 8034
53 21 9315
53 31 6642
53 35 9609
53 37 7292
53 38 9207
53 39 9901
53 40 9783
53 43 9937
53 46 6607
53 50 9321
53 51 7392
53 55 9201
53 59 7176
53 64 9915
53 66 7644
53 67 6173
53 69 9421
53 73 8804
53 75 8621
53 76 9169
53 79 6837
53 80 6912
53 82 7313
53 83 9855
53 85 9059
53 86 7285
53 88 7697
53 89 6579
53 92 9797
53 96 9085
53 97 6491
54 1 8092
54 3 9687
54 13 9150
54 16 8576
54 20 9463
54 25 8130
54 28 7599
54 29 6826
54 31 9340
54 34 7084
54 39 8379
54 40 9961
54 48 8133
54 49 7073
54 51 7508
54 52 8368
54 56 7112
54 59 7124
54 62 7062
54 63 6655
54 67 6216
54 73 8015
54 76 7810
54 78 6026
54 81 6108
54 82 6705
54 84 8644
54 89 6785
54 93 8216
55 4 7974
55 6 6555
55 9 7597
55 12 6001
55 15 8932
55 18 7698
55 21 7247
55 22 7880
55 24 7475
55 48 6631
55 53 9201
55 57 6018
55 58 9816
55 61 8253
55 63 9167
55 64 7271
55 65 8074
55 69 6381
55 70 7708
55 74 8698
55 75 7435
55 80 8222
55 83 9805
55 85 8983
55 86 9333
55 87 8556
55 92 6921
55 94 9852
55 99 9376
56 1 8046
56 3 9557
56 8 6537
56 9 6934
56 10 9180
56 16 9735
56 17 7073
56 24 9653
56 26 7573
56 29 6304
56 31 8258
56 32 6060
56 35 9338
56 38 8053
56 45 9645
56 54 7112
56 57 9542
56 62 7334
56 65 6364
56 70 9098
56 71 7595
56 76 8620
56 90 8743
56 91 9793
57 3 9419
57 7 6710
57 8 8070
57 10 8951
57 11 6886
57 12 6275
57 14 9193
57 16 8172
57 17 6260
57 19 8043
57 23 8989
57 24 8771
57 26 8505
57 27 7075
57 28 9428
57 29 6093
57 31 7591
57 33 9318
57 35 6482
57 38 9609
57 40 8939
57 42 9718
57 44 7144
57 47 8533
57 48 9939
57 50 6123
57 51 6199
57 52 9555
57 55 6018
57 56 9542
57 62 7117
57 67 6439
57 71 7193
57 75 7046
57 76 7754
57 83 8202
57 87 7508
57 89 8178
57 90 6050
57 93 6096
57 97 6695
57 98 7083
57 99 8116
58 5 7119
58 6 9493
58 8 7045
58 9 6276
58 10 7838
58 11 6986
58 12 6233
58 14 7391
58 15 9822
58 18 8039
58 20 6967
58 23 6111
58 31 9928
58 32 6141
58 33 9852
58 34 9803
58 35 8335
58 47 8150
58 48 6381
58 49 6228
58 51 9642
58 55 9816
58 59 8341
58 61 9143
58 62 7668
58 67 6768
58 69 6944
58 78 8300
58 85 7149
58 86 9159
58 90 7496
58 92 7663
58 98 8966
59 2 6979
59 5 8871
59 8 8633
59 12 6067
59 13 7815
59 17 7607
59 20 8686
59 23 9925
59 27 6774
59 31 6583
59 35 6898
59 41 7152
59 43 6132
59 44 6796
59 46 9920
59 47 7101
59 49 9767
59 53 7176
59 54 7124
59 58 8341
59 62 8205
59 66 8498
59 69 9926
59 76 9745
59 77 8354
59 78 6427
59 79 7270
59 80 7450
59 82 6662
59 83 9290
59 85 9387
59 87 6160
59 89 7290
59 93 7305
60 2 8526
60 3 7030
60 6 6821
60 11 7684
60 13 6737
60 14 6050
60 15 9972
60 16 7482
60 17 6375
60 20 7955
60 22 6390
60 23 6558
60 27 9564
60 30 7566
60 32 9691
60 37 8083
60 40 6366
60 41 8051
60 46 8067
60 47 9510
60 51 7881
60 61 6822
60 63 8761
60 64 8746
60 68 7910
60 74 6023
60 76 6381
60 80 8085
60 88 6522
60 97 6538
61 2 9638
61 3 9777
61 4 8376
61 12 7337
61 16 9366
61 17 7806
61 19 6279
61 28 7480
61 30 8723
61 33 9624
61 36 6823
61 47 8193
61 50 8052
61 52 9666
61 55 8253
61 58 9143
61 60 6822
61 63 9482
61 64 7167
61 65 7593
61 70 9823
61 73 7252
61 74 9605
61 75 7597
61 77 8629
61 78 7002
61 79 6912
61 80 8088
61 82 8705
61 84 9769
62 3 8509
62 12 7705
62 13 8766
62 14 6363
62 17 8703
62 26 6955
62 27 7227
62 32 9487
62 37 7665
62 39 9392
62 54 7062
62 56 7334
62 57 7117
62 58 7668
62 59 8205
62 68 7657
62 77 9527
62 78 9056
62 93 9227
62 95 8692
62 96 6775
63 3 6392
63 4 6310
63 7 6875
63 8 8480
63 24 8075
63 26 7788
63 35 7482
63 38 8117
63 42 6189
63 43 8332
63 44 7079
63 46 7260
63 47 7680
63 51 8054
63 52 7054
63 54 6655
63 55 9167
63 60 8761
63 61 9482
63 69 6024
63 75 9626
63 81 9190
63 82 8818
63 85 7557
63 94 7235
63 97 8163
64 4 8555
64 9 8643
64 13 8710
64 14 7329
64 15 9125
64 18 7246
64 19 6992
64 20 9451
64 21 7510
64 22 7555
64 24 9052
64 26 7502
64 29 7333
64 31 7194
64 33 9690
64 35 7248
64 45 6715
64 49 9917
64 50 8271
64 51 9267
64 52 9660
64 53 9915
64 55 7271
64 60 8746
64 61 7167
64 65 6392
64 67 8172
64 83 6729
64 84 7664
64 87 7191
64 91 6588
64 92 8233
64 95 8806
64 97 6842
64 99 6342
65 1 7819
65 5 6214
65 8 8572
65 10 6233
65 14 7462
65 16 6501
65 17 9639
65 19 8988
65 21 9728
65 22 8042
65 27 7171
65 28 9308
65 30 8053
65 31 6188
65 34 6579
65 39 7056
65 48 8691
65 52 9537
65 55 8074
65 56 6364
65 61 7593
65 64 6392
65 66 8038
65 69 9878
65 70 8192
65 73 8989
65 75 7717
65 76 7534
65 79 6280
65 80 6987
65 81 7882
65 88 9194
65 91 7229
65 92 7625
65 94 8121
65 96 7762
66 1 9047
66 5 6908
66 6 7452
66 8 6860
66 10 8074
66 14 9176
66 15 9210
66 16 8692
66 17 7468
66 18 9817
66 19 6797
66 20 6340
66 22 8271
66 24 9348
66 29 6832
66 31 8413
66 35 6207
66 39 9647
66 48 7621
66 51 8429
66 52 8888
66 53 7644
66 59 8498
66 65 8038
66 74 6210
66 78 6222
66 80 6927
66 81 6678
66 98 6319
67 1 8463
67 5 6747
67 16 7373
67 19 9298
67 20 6019
67 21 7100
67 24 6613
67 36 6657
67 37 6202
67 38 7211
67 43 9268
67 46 8864
67 48 6539
67 50 9708
67 51 7555
67 53 6173
67 54 6216
67 57 6439
67 58 6768
67 64 8172
67 73 6815
67 76 6495
67 80 6757
67 81 9285
67 85 7433
67 88 8908
67 96 6696
67 97 8644
67 99 9447
68 1 7384
68 2 7879
68 6 6100
68 11 9245
68 13 8762
68 14 6881
68 17 7818
68 28 6957
68 29 6454
68 31 8707
68 32 7135
68 34 6683
68 36 6795
68 39 9058
68 43 7337
68 45 9869
68 48 8962
68 49 8090
68 50 6405
68 51 7567
68 60 7910
68 62 7657
68 70 9478
68 73 9978
68 77 6119
68 78 6598
68 83 9682
68 88 8903
68 91 8409
68 95 8363
68 97 6368
68 99 8031
69 1 6820
69 4 8736
69 20 8943
69 21 6936
69 23 7031
69 25 7719
69 27 8853
69 32 7773
69 42 8886
69 51 7579
69 53 9421
69 55 6381
69 58 6944
69 59 9926
69 63 6024
69 65 9878
69 79 9378
69 80 7450
69 82 9659
69 95 6899
70 4 7691
70 10 8499
70 14 7066
70 15 7961
70 27 7675
70 28 7868
70 29 7726
70 32 9257
70 40 6316
70 41 7341
70 46 6877
70 47 9285
70 48 9926
70 52 6920
70 55 7708
70 56 9098
70 61 9823
70 65 8192
70 68 9478
70 79 6308
70 87 7340
70 90 7460
70 93 6941
70 94 6481
70 97 8266
71 3 7252
71 5 6828
71 7 9785
71 8 7630
71 9 8446
71 10 8128
71 11 8779
71 13 9654
71 19 7889
71 20 6520
71 28 7484
71 30 6426
71 42 9353
71 43 9669
71 48 9509
71 50 8978
71 56 7595
71 57 7193
71 73 8771
71 77 8732
71 81 9423
71 83 9370
71 85 7209
71 95 9114
71 96 7950
71 98 6602
72 4 8907
72 5 6746
72 7 6991
72 8 7682
72 9 9647
72 10 9217
72 12 8634
72 24 7552
72 26 8976
72 28 9888
72 29 9361
72 32 9032
72 36 9282
72 40 6567
72 43 8262
72 45 8110
72 51 8147
72 52 8929
72 74 8274
72 75 9173
72 77 6364
72 78 9492
72 84 7030
72 86 6658
72 89 6403
72 93 6246
72 96 8936
72 97 7655
72 99 7142
73 7 7410
73 8 9978
73 9 7265
73 12 9743
73 16 9567
73 19 8363
73 21 9747
73 23 6843
73 33 8418
73 34 7816
73 37 9199
73 39 6351
73 42 7730
73 48 9824
73 50 8252
73 53 8804
73 54 8015
73 61 7252
73 65 8989
73 67 6815
73 68 9978
73 71 8771
73 76 6666
73 77 7568
73 80 8551
73 87 9030
73 88 6491
73 94 9858
73 95 9329
73 97 9625
74 6 7962
74 7 9281
74 10 6995
74 11 6112
74 17 8944
74 21 6251
74 24 9978
74 27 6889
74 30 9895
74 31 6637
74 33 7683
74 36 7724
74 39 9598
74 46 8125
74 50 7592
74 55 8698
74 60 6023
74 61 9605
74 66 6210
74 72 8274
74 80 8123
74 89 9709
74 96 8645
75 1 7029
75 4 6346
75 9 6939
75 16 7482
75 19 7581
75 24 7082
75 31 7803
75 35 7078
75 40 8235
75 43 8015
75 44 8667
75 47 8040
75 48 9388
75 49 9745
75 50 9645
75 51 7341
75 53 8621
75 55 7435
75 57 7046
75 61 7597
75 63 9626
75 65 7717
75 72 9173
75 77 6435
75 84 7165
75 86 6738
75 87 6204
75 96 7466
75 99 8824
76 2 7027
76 5 7899
76 9 8484
76 13 8665
76 15 7310
76 18 7275
76 20 7318
76 23 6222
76 34 8752
76 43 8975
76 44 6092
76 46 9609
76 50 6876
76 51 9855
76 52 8506
76 53 9169
76 54 7810
76 56 8620
76 57 7754
76 59 9745
76 60 6381
76 65 7534
76 67 6495
76 73 6666
76 78 7800
76 80 7236
76 83 8683
76 85 8596
76 86 9373
76 87 7309
76 94 7484
76 97 8020
77 1 7031
77 8 9556
77 9 6022
77 10 8957
77 13 8381
77 18 8212
77 26 6147
77 29 8997
77 44 6484
77 46 8426
77 49 7587
77 50 9622
77 59 8354
77 61 8629
77 62 9527
77 68 6119
77 71 8732
77 72 6364
77 73 7568
77 75 6435
77 78 8058
77 87 7183
77 90 9644
77 91 6383
77 92 7378
77 93 6508
77 96 9915
78 5 6366
78 9 8661
78 12 8072
78 13 7952
78 14 7197
78 19 9282
78 22 7328
78 28 9207
78 29 8679
78 32 8552
78 33 7888
78 41 6514
78 42 7507
78 49 8490
78 52 6435
78 54 6026
78 58 8300
78 59 6427
78 61 7002
78 62 9056
78 66 6222
78 68 6598
78 72 9492
78 76 7800
78 77 8058
78 80 7933
78 81 7120
78 88 7556
78 92 6105
78 94 7856
78 97 7589
78 98 9089
79 2 8583
79 4 7794
79 5 9992
79 10 8245
79 15 6594
79 16 7386
79 18 8322
79 19 9700
79 20 9957
79 28 7713
79 37 7751
79 40 7868
79 43 7878
79 49 6148
79 53 6837
79 59 7270
79 61 6912
79 65 6280
79 69 9378
79 70 6308
79 80 9564
79 81 8166
79 84 8145
79 87 6002
79 89 7096
79 90 6648
79 91 6427
79 93 6837
79 96 7555
79 98 7329
80 4 7847
80 5 6166
80 7 8074
80 11 7684
80 13 6584
80 19 9387
80 25 8547
80 28 6844
80 36 9956
80 39 6266
80 41 8501
80 42 9610
80 49 9752
80 50 7340
80 53 6912
80 55 8222
80 59 7450
80 60 8085
80 61 8088
80 65 6987
80 66 6927
80 67 6757
80 69 7450
80 73 8551
80 74 8123
80 76 7236
80 78 7933
80 79 9564
80 83 8284
80 88 8449
80 89 9090
81 2 8660
81 6 6058
81 7 9841
81 9 6641
81 10 7024
81 14 8210
81 19 6313
81 20 9263
81 22 9784
81 27 6279
81 31 8527
81 34 9670
81 36 7157
81 39 7614
81 40 9070
81 42 6597
81 45 6250
81 48 7535
81 49 7514
81 54 6108
81 63 9190
81 65 7882
81 66 6678
81 67 9285
81 71 9423
81 78 7120
81 79 8166
81 82 8632
81 83 9075
81 87 7860
81 97 8528
82 2 9343
82 4 8564
82 6 6944
82 10 9763
82 13 6541
82 14 8658
82 16 9311
82 17 8205
82 18 9665
82 19 6550
82 23 9052
82 25 6276
82 27 9980
82 39 7459
82 43 8491
82 45 9268
82 53 7313
82 54 6705
82 59 6662
82 61 8705
82 63 8818
82 69 9659
82 81 8632
82 83 6449
82 84 6273
82 87 8773
82 88 6259
82 91 9276
82 94 8682
82 97 9197
82 98 8162
82 99 7119
83 1 6174
83 2 9022
83 3 9371
83 4 6438
83 6 7475
83 7 8990
83 8 6662
83 11 9947
83 12 6592
83 13 8257
83 14 9123
83 15 8001
83 18 6970
83 19 8958
83 23 9234
83 24 7543
83 29 6642
83 33 7446
83 37 6864
83 38 7907
83 41 9911
83 43 9365
83 45 8087
83 47 9570
83 49 9564
83 52 8446
83 53 9855
83 55 9805
83 57 8202
83 59 9290
83 64 6729
83 68 9682
83 71 9370
83 76 8683
83 80 8284
83 81 9075
83 82 6449
83 84 8120
83 87 8305
83 91 6202
83 94 9967
83 96 8093
83 97 6376
83 98 6641
83 99 9429
84 5 7069
84 6 6475
84 9 9713
84 12 7030
84 15 6116
84 18 9020
84 20 7193
84 22 6718
84 26 9322
84 32 8802
84 33 7224
84 35 8892
84 36 6972
84 39 7685
84 40 9683
84 41 7811
84 42 8168
84 43 8514
84 44 9644
84 48 6436
84 49 9838
84 51 7593
84 54 8644
84 61 9769
84 64 7664
84 72 7030
84 75 7165
84 79 8145
84 82 6273
84 83 8120
84 88 8943
84 89 7573
84 90 9905
84 93 6997
84 96 8432
85 1 8806
85 2 7007
85 8 6697
85 12 9720
85 14 6071
85 15 6786
85 18 7213
85 19 8257
85 20 8620
85 22 6896
85 23 6940
85 29 6779
85 40 6523
85 44 7546
85 45 7793
85 49 6512
85 53 9059
85 55 8983
85 58 7149
85 59 9387
85 63 7557
85 67 7433
85 71 7209
85 76 8596
85 89 7055
85 90 8998
85 91 6756
85 92 8395
85 96 7543
86 4 9512
86 13 8723
86 14 9564
86 27 8734
86 28 9306
86 32 8002
86 37 9884
86 40 9736
86 53 7285
86 55 9333
86 58 9159
86 72 6658
86 75 6738
86 76 9373
86 87 8350
86 88 6014
86 89 9512
86 90 7335
86 95 6025
86 96 9806
86 98 8482
87 1 9181
87 4 8588
87 6 6003
87 12 7647
87 13 8219
87 20 9028
87 21 8513
87 30 8235
87 35 9689
87 36 7016
87 37 7808
87 39 9954
87 41 7407
87 43 7262
87 47 6508
87 48 9268
87 50 7885
87 52 6858
87 55 8556
87 57 7508
87 59 6160
87 64 7191
87 70 7340
87 73 9030
87 75 6204
87 76 7309
87 77 7183
87 79 6002
87 81 7860
87 82 8773
87 83 8305
87 86 8350
87 89 9165
87 94 7464
87 96 6409
88 3 8070
88 12 8635
88 13 9761
88 16 7195
88 17 8963
88 19 8088
88 25 8990
88 27 9554
88 31 6671
88 32 9717
88 39 6939
88 40 7732
88 42 6710
88 50 8497
88 52 7225
88 53 7697
88 60 6522
88 65 9194
88 67 8908
88 68 8903
88 73 6491
88 78 7556
88 80 8449
88 82 6259
88 84 8943
88 86 6014
88 90 7994
88 93 7986
88 95 6040
89 3 8929
89 4 7226
89 5 7433
89 7 7234
89 10 9933
89 11 9582
89 17 7066
89 18 9904
89 22 9391
89 24 6730
89 25 6745
89 29 9375
89 34 9926
89 35 9330
89 37 7775
89 39 7663
89 42 6960
89 47 8302
89 50 9957
89 51 6036
89 52 9150
89 53 6579
89 54 6785
89 57 8178
89 59 7290
89 72 6403
89 74 9709
89 79 7096
89 80 9090
89 84 7573
89 85 7055
89 86 9512
89 87 9165
89 90 9502
89 93 7977
89 95 7117
90 2 9025
90 3 8699
90 4 7958
90 7 8803
90 10 8934
90 14 6245
90 17 7687
90 22 7204
90 26 9091
90 28 7717
90 29 6486
90 31 8725
90 43 6527
90 44 8509
90 46 7724
90 49 6805
90 50 6287
90 56 8743
90 57 6050
90 58 7496
90 70 7460
90 77 9644
90 79 6648
90 84 9905
90 85 8998
90 86 7335
90 88 7994
90 89 9502
90 91 6007
90 95 7713
91 2 9717
91 7 9613
91 8 9187
91 10 9651
91 12 7576
91 14 9472
91 16 7577
91 24 8658
91 27 6274
91 34 6279
91 35 9699
91 38 7615
91 40 7276
91 42 7437
91 44 7385
91 45 8094
91 47 8570
91 50 7197
91 51 7266
91 52 7482
91 56 9793
91 64 6588
91 65 7229
91 68 8409
91 77 6383
91 79 6427
91 82 9276
91 83 6202
91 85 6756
91 90 6007
91 93 9894
91 96 8532
92 1 6117
92 8 9314
92 11 8800
92 14 7158
92 16 7310
92 19 7211
92 38 8386
92 40 9316
92 53 9797
92 55 6921
92 58 7663
92 64 8233
92 65 7625
92 77 7378
92 78 6105
92 85 8395
92 95 9521
92 96 7713
92 98 8475
93 2 8419
93 3 9878
93 5 8135
93 11 7017
93 12 6860
93 13 7480
93 14 8555
93 20 7513
93 21 6364
93 27 9137
93 28 8925
93 29 7206
93 30 6591
93 33 9951
93 42 8174
93 48 9228
93 49 9820
93 52 7951
93 54 8216
93 57 6096
93 59 7305
93 62 9227
93 70 6941
93 72 6246
93 77 6508
93 79 6837
93 84 6997
93 88 7986
93 89 7977
93 91 9894
93 95 8749
93 96 6228
94 4 8816
94 6 8410
94 7 7474
94 9 6755
94 13 8829
94 18 8527
94 28 6386
94 35 7660
94 36 6803
94 37 7389
94 41 8072
94 48 6802
94 55 9852
94 63 7235
94 65 8121
94 70 6481
94 73 9858
94 76 7484
94 78 7856
94 82 8682
94 83 9967
94 87 7464
94 99 8788
95 4 7854
95 5 8624
95 12 8666
95 13 7266
95 17 8208
95 19 7247
95 25 6552
95 29 6670
95 33 6514
95 34 6906
95 36 6356
95 38 7240
95 39 8864
95 40 6311
95 42 9957
95 43 7345
95 44 7712
95 46 6273
95 47 7672
95 51 6401
95 62 8692
95 64 8806
95 68 8363
95 69 6899
95 71 9114
95 73 9329
95 86 6025
95 88 6040
95 89 7117
95 90 7713
95 92 9521
95 93 8749
95 98 8594
95 99 9786
96 1 8326
96 4 6357
96 5 9348
96 13 7954
96 15 8646
96 26 6888
96 27 7568
96 34 7178
96 35 7848
96 37 6626
96 38 9167
96 39 9626
96 43 6675
96 45 7448
96 53 9085
96 62 6775
96 65 7762
96 67 6696
96 71 7950
96 72 8936
96 74 8645
96 75 7466
96 77 9915
96 79 7555
96 83 8093
96 84 8432
96 85 7543
96 86 9806
96 87 6409
96 91 8532
96 92 7713
96 93 6228
96 98 7929
96 99 6816
97 3 7629
97 8 7991
97 10 7998
97 13 8944
97 19 8052
97 20 7461
97 27 7314
97 30 8492
97 35 6567
97 36 6951
97 38 8689
97 39 6750
97 40 6699
97 42 6987
97 43 8393
97 44 7356
97 47 9931
97 50 7212
97 53 6491
97 57 6695
97 60 6538
97 63 8163
97 64 6842
97 67 8644
97 68 6368
97 70 8266
97 72 7655
97 73 9625
97 76 8020
97 78 7589
97 81 8528
97 82 9197
97 83 6376
98 8 8514
98 12 6901
98 13 6889
98 16 7450
98 17 6125
98 20 6373
98 25 6726
98 32 6178
98 33 8758
98 34 8774
98 38 8630
98 39 7463
98 40 8994
98 42 8130
98 43 8575
98 50 7263
98 57 7083
98 58 8966
98 66 6319
98 71 6602
98 78 9089
98 79 7329
98 82 8162
98 83 6641
98 86 8482
98 92 8475
98 95 8594
98 96 7929
1 t 6733
6 t 9002
10 t 6381
11 t 9366
12 t 6451
16 t 6262
25 t 7133
26 t 6028
27 t 9757
28 t 7871
30 t 6037
44 t 9330
52 t 7748
55 t 9376
57 t 8116
64 t 6342
67 t 9447
68 t 8031
72 t 7142
75 t 8824
82 t 7119
83 t 9429
94 t 8788
95 t 9786
96 t 6816
