s 1 5143
s 4 3678
s 7 7678
s 9 2043
s 10 9590
s 11 8799
s 13 9068
s 16 6861
s 30 4090
s 33 4027
s 35 6025
s 38 5899
s 40 2543
s 52 3750
s 58 9965
s 70 5807
s 73 9399
s 75 1000
s 77 2439
s 78 9057
s 83 1693
s 84 6472
s 90 6273
s 91 7714
s 92 6452
s 93 9198
1 2 4987
1 11 3415
1 17 3479
1 21 2683
1 22 4644
1 23 5341
1 26 8927
1 30 8236
1 31 4748
1 36 9196
1 37 2604
1 43 7433
1 45 4947
1 48 2954
1 51 7884
1 60 9565
1 61 9459
1 64 3792
1 65 4614
1 66 2926
1 69 4686
1 72 4928
1 74 7462
1 75 2449
1 80 8426
1 84 4713
1 85 7498
1 86 3398
1 93 9963
1 94 7983
1 96 3326
1 99 6301
2 1 4987
2 7 6905
2 8 3012
2 9 5281
2 11 7881
2 13 7068
2 16 8503
2 20 1699
2 22 7111
2 25 4623
2 28 3173
2 29 2213
2 30 1923
2 34 5304
2 35 7743
2 39 6837
2 45 9247
2 51 9314
2 52 4170
2 53 4313
2 61 2631
2 72 8491
2 74 3946
2 76 3523
2 79 9013
2 83 1606
2 84 9071
2 88 5755
3 6 9602
3 14 6994
3 16 3543
3 18 3844
3 36 9454
3 41 7779
3 42 1740
3 43 7345
3 52 5444
3 59 9411
3 60 7790
3 66 2504
3 67 1324
3 70 3066
3 72 3791
3 74 8319
3 76 5474
3 77 4695
3 81 4101
3 82 9350
3 83 1672
3 84 4635
3 89 8457
3 93 1656
3 96 5525
4 5 5157
4 6 8474
4 7 7183
4 8 4756
4 12 8447
4 16 8585
4 18 2770
4 26 5697
4 37 2033
4 46 8223
4 49 1481
4 50 3091
4 52 3174
4 55 7946
4 57 3937
4 66 4522
4 68 2872
4 70 7285
4 71 6007
4 81 2538
4 82 4847
4 83 5780
4 86 5347
4 88 1984
4 90 4678
4 92 1750
4 94 6846
4 95 1544
4 96 3502
5 4 5157
5 6 1928
5 9 4425
5 10 6678
5 24 1350
5 25 4229
5 29 5072
5 31 3805
5 38 3501
5 39 6757
5 40 8637
5 42 3360
5 45 5364
5 46 7667
5 48 6084
5 50 9893
5 53 4497
5 54 5937
5 56 8155
5 58 6901
5 60 5681
5 61 6696
5 66 9623
5 67 9071
5 71 8649
5 73 8942
5 74 6097
5 76 3397
5 79 7913
5 80 9506
5 84 5954
5 91 3520
5 94 7246
6 3 9602
6 4 8474
6 5 1928
6 8 2890
6 9 9803
6 12 2591
6 15 7667
6 17 5001
6 18 1860
6 20 9811
6 30 1197
6 31 6395
6 36 7347
6 50 8775
6 52 1078
6 58 7195
6 60 1547
6 67 9029
6 68 3969
6 72 4353
6 79 6880
6 80 9268
6 81 6237
6 84 4640
6 85 8635
6 89 5016
6 91 7662
6 94 6666
6 95 5654
6 97 9606
7 2 6905
7 4 7183
7 9 1910
7 10 6478
7 12 6438
7 16 2612
7 17 5579
7 22 9355
7 23 2076
7 27 2749
7 32 9365
7 34 8625
7 38 1948
7 39 6831
7 49 2948
7 52 7613
7 55 2923
7 56 3659
7 62 5465
7 63 5259
7 66 4005
7 75 5761
7 77 9234
7 78 1516
7 80 1901
7 81 6865
7 84 5936
7 87 1442
7 90 9158
7 92 5113
7 93 4020
7 97 4337
8 2 3012
8 4 4756
8 6 2890
8 10 2913
8 14 3370
8 15 9102
8 20 7644
8 23 2073
8 26 4203
8 28 9529
8 37 8430
8 38 9526
8 39 6524
8 46 5997
8 52 5276
8 61 5248
8 62 2404
8 64 8131
8 65 9826
8 71 4764
8 74 4641
8 75 2563
8 76 9874
8 79 1737
8 80 3739
8 91 6669
8 95 3069
8 96 1031
9 2 5281
9 5 4425
9 6 9803
9 7 1910
9 10 7827
9 19 6700
9 20 3013
9 28 5900
9 32 6688
9 33 6890
9 37 7048
9 45 8032
9 49 7067
9 52 9841
9 54 9787
9 55 9676
9 57 6785
9 62 1713
9 65 7820
9 66 4689
9 70 8806
9 71 4411
9 77 6082
9 87 7566
9 90 7545
9 91 6971
9 95 4839
9 99 9887
10 5 6678
10 7 6478
10 8 2913
10 9 7827
10 18 6952
10 26 9334
10 29 8045
10 31 2975
10 33 7309
10 36 3849
10 37 2054
10 47 7385
10 50 8942
10 52 2614
10 58 7698
10 60 4909
10 70 7340
10 71 7182
10 73 5798
10 76 3098
10 89 6867
10 90 6705
10 91 2448
10 98 3610
11 1 3415
11 2 7881
11 13 6491
11 18 3996
11 21 8369
11 26 2375
11 33 8745
11 34 6039
11 37 1816
11 44 2287
11 46 1256
11 60 2432
11 61 2873
11 66 6064
11 73 9759
11 74 1810
11 76 7815
11 80 9201
11 82 1854
11 83 9642
11 87 8265
11 97 7947
12 4 8447
12 6 2591
12 7 6438
12 13 4125
12 14 6574
12 17 6158
12 19 2754
12 20 8382
12 24 7902
12 27 2244
12 30 9859
12 35 1837
12 37 2586
12 38 7611
12 44 9403
12 50 7277
12 51 5896
12 52 3330
12 53 9643
12 56 6171
12 59 7631
12 60 4702
12 69 8726
12 72 8965
12 75 2151
12 84 7915
12 89 4369
12 90 4136
12 91 3337
12 93 4965
13 2 7068
13 11 6491
13 12 4125
13 14 6977
13 17 8677
13 19 1129
13 20 4786
13 23 7281
13 24 6847
13 32 9707
13 36 7222
13 40 3937
13 50 5992
13 51 3789
13 53 1161
13 59 2510
13 60 6665
13 62 4082
13 64 7624
13 67 4577
13 76 8765
13 79 2079
13 81 8437
13 82 3225
13 86 3132
13 87 8178
13 88 9973
13 91 8850
14 3 6994
14 8 3370
14 12 6574
14 13 6977
14 16 3261
14 17 1489
14 19 5408
14 20 2371
14 23 8800
14 25 9295
14 29 8515
14 35 6786
14 43 6709
14 44 5821
14 47 9114
14 50 6855
14 52 2632
14 54 5114
14 55 6631
14 57 9890
14 62 9533
14 63 8361
14 66 4820
14 68 6336
14 70 8419
14 76 6864
14 78 4402
14 83 9412
14 89 4088
14 90 1827
14 91 9881
14 99 8594
15 6 7667
15 8 9102
15 18 9575
15 20 6011
15 22 4943
15 27 9169
15 29 6010
15 31 5236
15 34 1182
15 36 1216
15 38 8918
15 40 4643
15 43 3602
15 46 1904
15 47 8568
15 49 7682
15 50 7515
15 51 1913
15 52 8562
15 58 9801
15 61 8558
15 65 8216
15 68 4864
15 78 6065
15 81 7206
15 86 3025
15 90 3141
15 94 7416
15 99 6657
16 2 8503
16 3 3543
16 4 8585
16 7 2612
16 14 3261
16 21 5348
16 22 8839
16 26 1286
16 32 1246
16 34 7713
16 40 5050
16 41 1611
16 42 5795
16 43 9479
16 46 8657
16 48 1188
16 51 6948
16 52 5283
16 54 5573
16 59 9729
16 60 2751
16 67 1576
16 68 1820
16 69 7432
16 71 8056
16 76 4236
16 78 6696
16 81 4852
16 82 2109
16 83 7028
16 86 3369
16 89 9598
16 91 5105
16 93 5650
16 95 7037
16 98 2083
17 1 3479
17 6 5001
17 7 5579
17 12 6158
17 13 8677
17 14 1489
17 23 5159
17 24 5562
17 26 3727
17 27 8867
17 29 1347
17 30 1413
17 31 8945
17 36 8094
17 48 2140
17 50 2339
17 54 8102
17 56 7588
17 66 3287
17 67 3246
17 68 2515
17 69 7306
17 76 6306
17 78 7441
17 81 5442
17 84 5360
17 86 5293
17 88 9872
17 91 2473
17 93 4958
17 97 8831
17 98 3260
18 3 3844
18 4 2770
18 6 1860
18 10 6952
18 11 3996
18 15 9575
18 24 9699
18 26 7739
18 41 1615
18 44 1056
18 47 8437
18 48 9863
18 50 9947
18 59 2506
18 60 1921
18 66 7713
18 69 7308
18 77 1215
18 78 7168
18 81 7549
18 88 7056
18 91 6634
18 92 9390
18 97 2785
18 98 7315
18 99 5782
19 9 6700
19 12 2754
19 13 1129
19 14 5408
19 20 6906
19 25 7390
19 28 8977
19 30 7282
19 32 9572
19 34 5265
19 37 2591
19 39 5880
19 40 1444
19 46 2608
19 49 8540
19 53 6843
19 59 4453
19 61 3671
19 67 8480
19 68 4357
19 72 2080
19 75 6529
19 77 5790
19 85 3784
19 86 7392
19 88 1568
19 89 2946
19 90 6654
19 98 3967
20 2 1699
20 6 9811
20 8 7644
20 9 3013
20 12 8382
20 13 4786
20 14 2371
20 15 6011
20 19 6906
20 22 7945
20 24 6218
20 29 6327
20 31 9987
20 41 7671
20 42 4523
20 50 2813
20 52 9340
20 53 8137
20 54 9374
20 56 2541
20 58 1230
20 65 7612
20 68 1582
20 74 3430
20 86 2687
20 89 2612
20 92 1372
20 96 3109
20 98 2182
21 1 2683
21 11 8369
21 16 5348
21 26 3989
21 27 9032
21 28 1994
21 29 6773
21 32 9334
21 34 1536
21 35 6791
21 37 4650
21 38 6272
21 42 4570
21 43 6990
21 50 7367
21 52 5298
21 59 8467
21 63 3797
21 64 2375
21 66 5515
21 74 3191
21 83 1257
21 88 8328
21 90 5992
21 93 2840
21 95 8012
22 1 4644
22 2 7111
22 7 9355
22 15 4943
22 16 8839
22 20 7945
22 24 1913
22 25 8892
22 26 3116
22 27 1220
22 32 6069
22 34 6118
22 35 4952
22 37 6868
22 38 3584
22 40 9165
22 42 7636
22 45 4638
22 46 1106
22 59 3221
22 61 5134
22 70 4125
22 72 2521
22 73 8997
22 79 3738
22 82 8672
22 83 8548
22 84 2928
22 85 9091
22 92 9442
22 93 1227
22 94 1248
22 95 4948
22 99 5409
23 1 5341
23 7 2076
23 8 2073
23 13 7281
23 14 8800
23 17 5159
23 27 1878
23 35 5125
23 36 8319
23 37 4153
23 39 3965
23 46 7464
23 55 6766
23 61 5048
23 62 8924
23 64 3734
23 66 6486
23 67 4944
23 72 6109
23 76 6162
23 79 7942
23 80 4616
23 82 6935
23 83 6777
23 96 2903
24 5 1350
24 12 7902
24 13 6847
24 17 5562
24 18 9699
24 20 6218
24 22 1913
24 28 5143
24 30 1505
24 32 6365
24 34 1631
24 38 7178
24 41 3739
24 42 2105
24 43 3237
24 52 2395
24 54 8370
24 56 4806
24 69 5332
24 78 9003
24 86 6323
24 87 7172
24 90 1640
24 91 8326
25 2 4623
25 5 4229
25 14 9295
25 19 7390
25 22 8892
25 30 8555
25 32 8267
25 33 1993
25 36 9765
25 42 8944
25 43 5286
25 44 1313
25 50 8024
25 56 7323
25 63 5438
25 65 8985
25 68 1945
25 69 9308
25 70 7801
25 77 3418
25 79 4172
25 81 4754
25 88 6479
25 91 6524
25 97 2177
26 1 8927
26 4 5697
26 8 4203
26 10 9334
26 11 2375
26 16 1286
26 17 3727
26 18 7739
26 21 3989
26 22 3116
26 27 3156
26 30 8414
26 32 7120
26 35 2802
26 38 1925
26 41 9708
26 42 9203
26 44 1482
26 45 7038
26 51 5759
26 52 2201
26 53 3257
26 54 6682
26 56 1651
26 60 5919
26 66 1979
26 68 6169
26 71 9586
26 73 8648
26 78 7501
26 79 7196
26 80 6615
26 81 9220
26 85 2249
26 89 6219
26 91 8033
26 94 7365
26 97 4791
27 7 2749
27 12 2244
27 15 9169
27 17 8867
27 21 9032
27 22 1220
27 23 1878
27 26 3156
27 44 5220
27 50 4445
27 53 4550
27 56 3714
27 57 2889
27 60 6302
27 64 8090
27 66 2162
27 70 1179
27 75 4868
27 78 7791
27 79 3371
27 81 9913
27 85 5605
27 88 5340
27 90 4667
28 2 3173
28 8 9529
28 9 5900
28 19 8977
28 21 1994
28 24 5143
28 37 1629
28 42 2419
28 43 9241
28 44 9400
28 45 7644
28 49 3735
28 50 6232
28 51 4665
28 69 5392
28 70 1329
28 72 9643
28 77 8821
28 81 9544
28 82 3270
28 85 1607
28 87 1541
28 89 5187
28 91 4126
28 92 9394
28 94 9521
28 96 3671
28 97 5977
28 98 6153
29 2 2213
29 5 5072
29 10 8045
29 14 8515
29 15 6010
29 17 1347
29 20 6327
29 21 6773
29 32 3880
29 34 6307
29 39 3385
29 48 3504
29 50 5324
29 54 1505
29 56 3813
29 57 4376
29 64 6278
29 66 5429
29 70 2097
29 71 9590
29 76 5334
29 77 6506
29 79 5823
29 83 7989
29 84 9593
29 85 8777
29 86 1630
29 87 9872
29 89 5028
29 91 8299
29 94 6374
29 95 2028
30 1 8236
30 2 1923
30 6 1197
30 12 9859
30 17 1413
30 19 7282
30 24 1505
30 25 8555
30 26 8414
30 38 2751
30 39 7866
30 44 4745
30 46 1494
30 49 9412
30 56 9484
30 57 4048
30 59 8544
30 63 1894
30 64 1056
30 69 7442
30 71 8168
30 76 5411
30 79 2376
30 80 2916
30 81 4956
30 82 1071
30 83 2002
30 88 1342
30 94 7618
30 95 9040
30 97 9952
30 99 8499
31 1 4748
31 5 3805
31 6 6395
31 10 2975
31 15 5236
31 17 8945
31 20 9987
31 33 2414
31 36 1964
31 37 1036
31 40 5321
31 43 7543
31 46 1875
31 54 1168
31 57 4997
31 62 5170
31 71 1814
31 73 3902
31 79 1728
31 80 9762
31 86 1363
31 94 7271
31 96 8404
31 97 4890
32 7 9365
32 9 6688
32 13 9707
32 16 1246
32 19 9572
32 21 9334
32 22 6069
32 24 6365
32 25 8267
32 26 7120
32 29 3880
32 34 7551
32 35 1218
32 40 9820
32 42 6506
32 44 8586
32 47 1873
32 50 9383
32 51 4611
32 54 8420
32 55 1251
32 57 9585
32 58 3978
32 61 2686
32 63 5745
32 65 2152
32 68 9820
32 69 1735
32 73 6088
32 75 6118
32 76 5927
32 84 6797
32 91 3830
32 93 2853
32 99 3527
33 9 6890
33 10 7309
33 11 8745
33 25 1993
33 31 2414
33 47 3073
33 49 6880
33 51 9502
33 52 7383
33 53 5943
33 54 4248
33 55 3422
33 56 1231
33 64 3785
33 67 7198
33 68 5416
33 70 8268
33 72 7750
33 74 9023
33 75 7301
33 76 6581
33 78 4241
33 80 8187
33 81 5751
33 83 1445
33 84 2925
33 85 6816
33 90 3485
33 92 8178
33 95 1601
33 97 5164
34 2 5304
34 7 8625
34 11 6039
34 15 1182
34 16 7713
34 19 5265
34 21 1536
34 22 6118
34 24 1631
34 29 6307
34 32 7551
34 38 7408
34 52 8909
34 60 1349
34 61 8584
34 68 8483
34 73 1431
34 76 8098
34 77 8624
34 79 2345
34 80 4019
34 81 6125
34 86 6794
34 88 5453
34 95 3720
34 96 5245
34 98 5600
34 99 9911
35 2 7743
35 12 1837
35 14 6786
35 21 6791
35 22 4952
35 23 5125
35 26 2802
35 32 1218
35 40 5668
35 45 5050
35 46 3465
35 48 4726
35 49 7585
35 51 4708
35 54 1718
35 57 2937
35 62 4618
35 65 8151
35 66 9319
35 71 7439
35 74 6988
35 76 1658
35 79 8906
35 81 2086
35 84 8838
35 85 8506
35 87 7774
35 91 2511
35 94 5217
35 95 7710
35 97 9710
35 98 6831
36 1 9196
36 3 9454
36 6 7347
36 10 3849
36 13 7222
36 15 1216
36 17 8094
36 23 8319
36 25 9765
36 31 1964
36 37 8180
36 39 8738
36 42 2865
36 45 8980
36 50 3526
36 58 7018
36 62 7308
36 63 4267
36 64 7570
36 66 6268
36 73 6637
36 74 4063
36 77 7661
36 83 3402
36 89 8700
36 93 1680
36 95 7021
36 96 7582
37 1 2604
37 4 2033
37 8 8430
37 9 7048
37 10 2054
37 11 1816
37 12 2586
37 19 2591
37 21 4650
37 22 6868
37 23 4153
37 28 1629
37 31 1036
37 36 8180
37 38 7442
37 39 8215
37 42 2930
37 43 3256
37 45 7669
37 47 9691
37 52 6512
37 56 6335
37 57 7676
37 70 8971
37 72 5352
37 73 6274
37 79 7839
37 82 8666
37 86 4096
37 93 7052
37 95 6363
37 97 7684
37 99 3168
38 5 3501
38 7 1948
38 8 9526
38 12 7611
38 15 8918
38 21 6272
38 22 3584
38 24 7178
38 26 1925
38 30 2751
38 34 7408
38 37 7442
38 44 2204
38 48 9263
38 49 7556
38 51 2022
38 52 7780
38 54 1635
38 55 7953
38 58 2685
38 66 1774
38 69 4792
38 70 2955
38 78 6823
38 83 7129
38 84 7991
38 86 5344
38 91 5060
38 95 9095
39 2 6837
39 5 6757
39 7 6831
39 8 6524
39 19 5880
39 23 3965
39 29 3385
39 30 7866
39 36 8738
39 37 8215
39 40 3373
39 44 1321
39 48 5328
39 51 9315
39 62 7579
39 65 9128
39 70 8310
39 72 4326
39 74 3305
39 75 5760
39 82 2279
39 85 6224
39 92 2945
40 5 8637
40 13 3937
40 15 4643
40 16 5050
40 19 1444
40 22 9165
40 31 5321
40 32 9820
40 35 5668
40 39 3373
40 48 7802
40 52 1945
40 58 6981
40 66 4228
40 68 3327
40 69 2598
40 72 8589
40 74 8384
40 80 5980
40 82 7612
40 88 8300
40 92 7688
41 3 7779
41 16 1611
41 18 1615
41 20 7671
41 24 3739
41 26 9708
41 42 2016
41 43 4354
41 44 5342
41 49 5884
41 55 5358
41 57 2552
41 62 5222
41 66 4563
41 70 9749
41 76 5959
41 77 1904
41 80 6032
41 93 2951
41 97 5994
42 3 1740
42 5 3360
42 16 5795
42 20 4523
42 21 4570
42 22 7636
42 24 2105
42 25 8944
42 26 9203
42 28 2419
42 32 6506
42 36 2865
42 37 2930
42 41 2016
42 45 1621
42 47 3668
42 49 4518
42 58 8459
42 60 4495
42 62 2725
42 64 4274
42 67 2241
42 68 1933
42 71 5996
42 74 6925
42 75 2971
42 76 2485
42 78 6079
42 82 5537
42 83 2407
42 87 5280
42 89 1658
42 91 6043
42 98 9773
43 1 7433
43 3 7345
43 14 6709
43 15 3602
43 16 9479
43 21 6990
43 24 3237
43 25 5286
43 28 9241
43 31 7543
43 37 3256
43 41 4354
43 45 3882
43 48 1707
43 65 3713
43 70 2103
43 74 3289
43 79 6893
43 83 5342
43 87 7012
43 92 7488
43 96 9862
43 97 6975
43 98 7757
44 11 2287
44 12 9403
44 14 5821
44 18 1056
44 25 1313
44 26 1482
44 27 5220
44 28 9400
44 30 4745
44 32 8586
44 38 2204
44 39 1321
44 41 5342
44 45 6155
44 47 8384
44 54 4866
44 56 7791
44 59 4717
44 60 5599
44 61 1519
44 65 2846
44 70 4733
44 72 5383
44 81 4701
44 84 7051
44 87 6410
44 88 3570
44 92 2637
45 1 4947
45 2 9247
45 5 5364
45 9 8032
45 22 4638
45 26 7038
45 28 7644
45 35 5050
45 36 8980
45 37 7669
45 42 1621
45 43 3882
45 44 6155
45 52 7207
45 53 2088
45 54 3979
45 57 1309
45 61 8272
45 63 5845
45 64 7367
45 65 4332
45 69 2393
45 71 6407
45 72 9335
45 73 6254
45 84 4807
45 89 3175
45 91 7025
45 92 6584
45 95 7477
45 96 1965
45 97 9011
46 4 8223
46 5 7667
46 8 5997
46 11 1256
46 15 1904
46 16 8657
46 19 2608
46 22 1106
46 23 7464
46 30 1494
46 31 1875
46 35 3465
46 48 8956
46 56 5943
46 58 9789
46 61 3654
46 62 3644
46 68 4956
46 70 7053
46 71 9000
46 72 3449
46 78 2164
46 81 8674
46 82 2174
46 86 7589
46 88 3468
46 89 9082
46 96 9951
46 98 7393
47 10 7385
47 14 9114
47 15 8568
47 18 8437
47 32 1873
47 33 3073
47 37 9691
47 42 3668
47 44 8384
47 50 5848
47 54 7794
47 56 8538
47 62 6185
47 65 2739
47 66 8577
47 72 2983
47 73 9768
47 74 4767
47 75 9183
47 92 1117
47 94 8717
47 96 2906
47 97 2524
47 98 8539
48 1 2954
48 5 6084
48 16 1188
48 17 2140
48 18 9863
48 29 3504
48 35 4726
48 38 9263
48 39 5328
48 40 7802
48 43 1707
48 46 8956
48 51 3225
48 58 2606
48 62 5784
48 63 4430
48 65 8995
48 68 9402
48 70 3260
48 71 1810
48 72 2445
48 78 9920
48 80 7430
48 86 6529
48 88 1303
48 96 2652
49 4 1481
49 7 2948
49 9 7067
49 15 7682
49 19 8540
49 28 3735
49 30 9412
49 33 6880
49 35 7585
49 38 7556
49 41 5884
49 42 4518
49 57 4917
49 59 2897
49 73 7241
49 79 2799
49 81 5225
49 85 6021
49 88 5296
49 98 9805
50 4 3091
50 5 9893
50 6 8775
50 10 8942
50 12 7277
50 13 5992
50 14 6855
50 15 7515
50 17 2339
50 18 9947
50 20 2813
50 21 7367
50 25 8024
50 27 4445
50 28 6232
50 29 5324
50 32 9383
50 36 3526
50 47 5848
50 51 3693
50 53 4840
50 54 7309
50 58 4679
50 62 1026
50 63 5390
50 72 4905
50 73 7081
50 74 6511
50 75 5685
50 77 1873
50 81 1840
50 82 6398
50 84 4980
50 87 3649
50 92 8002
50 94 1774
50 97 8461
51 1 7884
51 2 9314
51 12 5896
51 13 3789
51 15 1913
51 16 6948
51 26 5759
51 28 4665
51 32 4611
51 33 9502
51 35 4708
51 38 2022
51 39 9315
51 48 3225
51 50 3693
51 56 8883
51 58 9088
51 59 3451
51 60 5209
51 68 1309
51 70 9870
51 71 6750
51 72 2964
51 77 6772
51 80 6212
51 89 3210
51 96 8487
51 97 6785
51 98 2113
52 2 4170
52 3 5444
52 4 3174
52 6 1078
52 7 7613
52 8 5276
52 9 9841
52 10 2614
52 12 3330
52 14 2632
52 15 8562
52 16 5283
52 20 9340
52 21 5298
52 24 2395
52 26 2201
52 33 7383
52 34 8909
52 37 6512
52 38 7780
52 40 1945
52 45 7207
52 55 6879
52 60 7241
52 64 6810
52 67 8625
52 82 8745
52 85 7489
52 86 4869
52 87 8493
52 91 1807
53 2 4313
53 5 4497
53 12 9643
53 13 1161
53 19 6843
53 20 8137
53 26 3257
53 27 4550
53 33 5943
53 45 2088
53 50 4840
53 57 1166
53 58 2788
53 60 1071
53 63 7721
53 66 6712
53 67 1583
53 69 1256
53 71 3895
53 74 1761
53 77 6297
53 78 9395
53 82 3613
53 87 9837
53 94 1278
53 95 4974
53 99 3045
54 5 5937
54 9 9787
54 14 5114
54 16 5573
54 17 8102
54 20 9374
54 24 8370
54 26 6682
54 29 1505
54 31 1168
54 32 8420
54 33 4248
54 35 1718
54 38 1635
54 44 4866
54 45 3979
54 47 7794
54 50 7309
54 58 9885
54 60 2165
54 67 1772
54 69 9140
54 74 8176
54 81 7050
54 85 5259
54 90 2470
54 92 8040
54 95 6323
54 99 2109
55 4 7946
55 7 2923
55 9 9676
55 14 6631
55 23 6766
55 32 1251
55 33 3422
55 38 7953
55 41 5358
55 52 6879
55 58 4409
55 60 4601
55 62 8592
55 67 2689
55 69 6713
55 70 6752
55 77 1398
55 81 3373
55 86 2659
55 87 7789
55 92 3527
55 94 6781
55 96 1556
56 5 8155
56 7 3659
56 12 6171
56 17 7588
56 20 2541
56 24 4806
56 25 7323
56 26 1651
56 27 3714
56 29 3813
56 30 9484
56 33 1231
56 37 6335
56 44 7791
56 46 5943
56 47 8538
56 51 8883
56 57 7812
56 60 3981
56 68 1105
56 72 9473
56 78 2641
56 82 1912
56 83 3702
56 86 9338
56 88 2600
56 94 3481
56 96 4234
56 98 7719
57 4 3937
57 9 6785
57 14 9890
57 27 2889
57 29 4376
57 30 4048
57 31 4997
57 32 9585
57 35 2937
57 37 7676
57 41 2552
57 45 1309
57 49 4917
57 53 1166
57 56 7812
57 58 3631
57 59 1174
57 61 6246
57 69 6778
57 70 5578
57 72 8584
57 76 1007
57 77 3097
57 79 7846
57 83 6066
57 87 8907
57 88 6521
57 90 7266
57 91 3855
57 94 5255
58 5 6901
58 6 7195
58 10 7698
58 15 9801
58 20 1230
58 32 3978
58 36 7018
58 38 2685
58 40 6981
58 42 8459
58 46 9789
58 48 2606
58 50 4679
58 51 9088
58 53 2788
58 54 9885
58 55 4409
58 57 3631
58 59 3066
58 62 1848
58 65 4497
58 71 9936
58 84 8924
58 85 3634
58 88 2787
58 89 3456
58 96 5296
58 98 3664
59 3 9411
59 12 7631
59 13 2510
59 16 9729
59 18 2506
59 19 4453
59 21 8467
59 22 3221
59 30 8544
59 44 4717
59 49 2897
59 51 3451
59 57 1174
59 58 3066
59 61 4365
59 70 5741
59 75 4703
59 76 8782
59 77 3432
59 84 8999
59 85 1647
59 91 4744
59 94 4603
59 96 2886
60 1 9565
60 3 7790
60 5 5681
60 6 1547
60 10 4909
60 11 2432
60 12 4702
60 13 6665
60 16 2751
60 18 1921
60 26 5919
60 27 6302
60 34 1349
60 42 4495
60 44 5599
60 51 5209
60 52 7241
60 53 1071
60 54 2165
60 55 4601
60 56 3981
60 62 2896
60 63 3224
60 67 7543
60 68 4381
60 70 9684
60 71 6621
60 77 7990
60 78 4547
60 86 7798
60 90 6711
60 91 4967
60 93 6366
60 95 6047
61 1 9459
61 2 2631
61 5 6696
61 8 5248
61 11 2873
61 15 8558
61 19 3671
61 22 5134
61 23 5048
61 32 2686
61 34 8584
61 44 1519
61 45 8272
61 46 3654
61 57 6246
61 59 4365
61 62 6916
61 64 7069
61 69 3764
61 73 6921
61 74 5809
61 77 1226
61 82 6109
61 85 6388
61 87 9751
61 88 2857
61 90 2884
61 93 6263
61 96 6515
62 7 5465
62 8 2404
62 9 1713
62 13 4082
62 14 9533
62 23 8924
62 31 5170
62 35 4618
62 36 7308
62 39 7579
62 41 5222
62 42 2725
62 46 3644
62 47 6185
62 48 5784
62 50 1026
62 55 8592
62 58 1848
62 60 2896
62 61 6916
62 63 3553
62 65 4769
62 66 8429
62 71 3086
62 75 7801
62 79 9347
62 90 7968
62 92 3785
62 95 7448
62 96 7757
62 98 1468
62 99 1672
63 7 5259
63 14 8361
63 21 3797
63 25 5438
63 30 1894
63 32 5745
63 36 4267
63 45 5845
63 48 4430
63 50 5390
63 53 7721
63 60 3224
63 62 3553
63 66 7005
63 72 9785
63 83 1056
63 84 5809
63 86 1494
63 92 4875
63 93 1028
63 96 9186
64 1 3792
64 8 8131
64 13 7624
64 21 2375
64 23 3734
64 27 8090
64 29 6278
64 30 1056
64 33 3785
64 36 7570
64 42 4274
64 45 7367
64 52 6810
64 61 7069
64 66 6781
64 78 6698
64 79 6342
64 80 5321
64 82 5173
64 83 7499
64 86 5474
64 89 2988
65 1 4614
65 8 9826
65 9 7820
65 15 8216
65 20 7612
65 25 8985
65 32 2152
65 35 8151
65 39 9128
65 43 3713
65 44 2846
65 45 4332
65 47 2739
65 48 8995
65 58 4497
65 62 4769
65 68 9102
65 69 5904
65 72 1015
65 74 6269
65 76 5748
65 77 9165
65 84 6689
65 88 7666
65 93 3736
65 94 8544
65 97 4265
66 1 2926
66 3 2504
66 4 4522
66 5 9623
66 7 4005
66 9 4689
66 11 6064
66 14 4820
66 17 3287
66 18 7713
66 21 5515
66 23 6486
66 26 1979
66 27 2162
66 29 5429
66 35 9319
66 36 6268
66 38 1774
66 40 4228
66 41 4563
66 47 8577
66 53 6712
66 62 8429
66 63 7005
66 64 6781
66 78 6213
66 88 8090
66 92 4260
66 93 8860
66 99 9673
67 3 1324
67 5 9071
67 6 9029
67 13 4577
67 16 1576
67 17 3246
67 19 8480
67 23 4944
67 33 7198
67 42 2241
67 52 8625
67 53 1583
67 54 1772
67 55 2689
67 60 7543
67 70 9912
67 76 1493
67 84 3690
67 85 3236
67 88 1717
67 91 4414
67 97 6762
68 4 2872
68 6 3969
68 14 6336
68 15 4864
68 16 1820
68 17 2515
68 19 4357
68 20 1582
68 25 1945
68 26 6169
68 32 9820
68 33 5416
68 34 8483
68 40 3327
68 42 1933
68 46 4956
68 48 9402
68 51 1309
68 56 1105
68 60 4381
68 65 9102
68 70 2557
68 77 6566
68 79 9348
68 83 2758
68 88 7464
68 89 1162
68 98 1232
69 1 4686
69 12 8726
69 16 7432
69 17 7306
69 18 7308
69 24 5332
69 25 9308
69 28 5392
69 30 7442
69 32 1735
69 38 4792
69 40 2598
69 45 2393
69 53 1256
69 54 9140
69 55 6713
69 57 6778
69 61 3764
69 65 5904
69 72 9043
69 73 2378
69 76 6570
69 77 2985
69 83 2428
69 86 1492
69 90 6026
69 96 8138
69 97 5963
69 98 8155
69 99 9450
70 3 3066
70 4 7285
70 9 8806
70 10 7340
70 14 8419
70 22 4125
70 25 7801
70 27 1179
70 28 1329
70 29 2097
70 33 8268
70 37 8971
70 38 2955
70 39 8310
70 41 9749
70 43 2103
70 44 4733
70 46 7053
70 48 3260
70 51 9870
70 55 6752
70 57 5578
70 59 5741
70 60 9684
70 67 9912
70 68 2557
70 74 9224
70 77 7809
70 82 2261
70 84 8568
70 90 2724
70 91 9473
71 4 6007
71 5 8649
71 8 4764
71 9 4411
71 10 7182
71 16 8056
71 26 9586
71 29 9590
71 30 8168
71 31 1814
71 35 7439
71 42 5996
71 45 6407
71 46 9000
71 48 1810
71 51 6750
71 53 3895
71 58 9936
71 60 6621
71 62 3086
71 76 5128
71 80 2260
71 85 2126
71 88 3759
71 92 6439
71 98 3293
72 1 4928
72 2 8491
72 3 3791
72 6 4353
72 12 8965
72 19 2080
72 22 2521
72 23 6109
72 28 9643
72 33 7750
72 37 5352
72 39 4326
72 40 8589
72 44 5383
72 45 9335
72 46 3449
72 47 2983
72 48 2445
72 50 4905
72 51 2964
72 56 9473
72 57 8584
72 63 9785
72 65 1015
72 69 9043
72 74 9720
72 76 5437
72 77 4465
72 86 3678
72 87 5248
72 88 7332
72 91 4168
72 92 4176
72 94 5896
72 96 2007
72 99 1753
73 5 8942
73 10 5798
73 11 9759
73 22 8997
73 26 8648
73 31 3902
73 32 6088
73 34 1431
73 36 6637
73 37 6274
73 45 6254
73 47 9768
73 49 7241
73 50 7081
73 61 6921
73 69 2378
73 80 6099
73 83 7492
73 90 8164
73 91 4200
73 92 1960
74 1 7462
74 2 3946
74 3 8319
74 5 6097
74 8 4641
74 11 1810
74 20 3430
74 21 3191
74 33 9023
74 35 6988
74 36 4063
74 39 3305
74 40 8384
74 42 6925
74 43 3289
74 47 4767
74 50 6511
74 53 1761
74 54 8176
74 61 5809
74 65 6269
74 70 9224
74 72 9720
74 82 4112
74 84 1440
74 86 2544
74 93 2072
74 99 8483
75 1 2449
75 7 5761
75 8 2563
75 12 2151
75 19 6529
75 27 4868
75 32 6118
75 33 7301
75 39 5760
75 42 2971
75 47 9183
75 50 5685
75 59 4703
75 62 7801
75 78 4447
75 79 9795
75 87 1965
75 91 7196
75 97 2747
76 2 3523
76 3 5474
76 5 3397
76 8 9874
76 10 3098
76 11 7815
76 13 8765
76 14 6864
76 16 4236
76 17 6306
76 23 6162
76 29 5334
76 30 5411
76 32 5927
76 33 6581
76 34 8098
76 35 1658
76 41 5959
76 42 2485
76 57 1007
76 59 8782
76 65 5748
76 67 1493
76 69 6570
76 71 5128
76 72 5437
76 82 4627
76 83 7674
76 87 5332
76 88 1943
76 94 9981
76 96 5926
77 3 4695
77 7 9234
77 9 6082
77 18 1215
77 19 5790
77 25 3418
77 28 8821
77 29 6506
77 34 8624
77 36 7661
77 41 1904
77 50 1873
77 51 6772
77 53 6297
77 55 1398
77 57 3097
77 59 3432
77 60 7990
77 61 1226
77 65 9165
77 68 6566
77 69 2985
77 70 7809
77 72 4465
77 78 2687
77 86 7171
77 89 6616
77 90 7236
77 92 9756
77 94 3741
77 95 4913
78 7 1516
78 14 4402
78 15 6065
78 16 6696
78 17 7441
78 18 7168
78 24 9003
78 26 7501
78 27 7791
78 33 4241
78 38 6823
78 42 6079
78 46 2164
78 48 9920
78 53 9395
78 56 2641
78 60 4547
78 64 6698
78 66 6213
78 75 4447
78 77 2687
78 79 8401
78 81 4770
78 83 3592
78 88 2752
78 95 5920
79 2 9013
79 5 7913
79 6 6880
79 8 1737
79 13 2079
79 22 3738
79 23 7942
79 25 4172
79 26 7196
79 27 3371
79 29 5823
79 30 2376
79 31 1728
79 34 2345
79 35 8906
79 37 7839
79 43 6893
79 49 2799
79 57 7846
79 62 9347
79 64 6342
79 68 9348
79 75 9795
79 78 8401
79 84 4914
79 88 6479
79 90 5635
79 91 5414
80 1 8426
80 5 9506
80 6 9268
80 7 1901
80 8 3739
80 11 9201
80 23 4616
80 26 6615
80 30 2916
80 31 9762
80 33 8187
80 34 4019
80 40 5980
80 41 6032
80 48 7430
80 51 6212
80 64 5321
80 71 2260
80 73 6099
80 81 3850
80 82 5454
80 84 5716
80 85 2815
80 93 5030
80 96 1156
80 99 7390
81 3 4101
81 4 2538
81 6 6237
81 7 6865
81 13 8437
81 15 7206
81 16 4852
81 17 5442
81 18 7549
81 25 4754
81 26 9220
81 27 9913
81 28 9544
81 30 4956
81 33 5751
81 34 6125
81 35 2086
81 44 4701
81 46 8674
81 49 5225
81 50 1840
81 54 7050
81 55 3373
81 78 4770
81 80 3850
81 83 2006
81 86 9462
81 87 2438
81 91 9056
81 94 9431
81 96 7837
81 98 4043
82 3 9350
82 4 4847
82 11 1854
82 13 3225
82 16 2109
82 22 8672
82 23 6935
82 28 3270
82 30 1071
82 37 8666
82 39 2279
82 40 7612
82 42 5537
82 46 2174
82 50 6398
82 52 8745
82 53 3613
82 56 1912
82 61 6109
82 64 5173
82 70 2261
82 74 4112
82 76 4627
82 80 5454
82 85 9963
82 86 7893
82 87 7738
82 89 1816
82 92 8752
82 93 7373
82 97 9084
82 99 1428
83 2 1606
83 3 1672
83 4 5780
83 11 9642
83 14 9412
83 16 7028
83 21 1257
83 22 8548
83 23 6777
83 29 7989
83 30 2002
83 33 1445
83 36 3402
83 38 7129
83 42 2407
83 43 5342
83 56 3702
83 57 6066
83 63 1056
83 64 7499
83 68 2758
83 69 2428
83 73 7492
83 76 7674
83 78 3592
83 81 2006
83 87 8498
83 91 9801
83 93 2177
83 94 6318
83 95 5034
83 97 9386
83 98 9176
84 1 4713
84 2 9071
84 3 4635
84 5 5954
84 6 4640
84 7 5936
84 12 7915
84 17 5360
84 22 2928
84 29 9593
84 32 6797
84 33 2925
84 35 8838
84 38 7991
84 44 7051
84 45 4807
84 50 4980
84 58 8924
84 59 8999
84 63 5809
84 65 6689
84 67 3690
84 70 8568
84 74 1440
84 79 4914
84 80 5716
84 86 4818
84 87 6149
84 90 5193
84 99 9394
85 1 7498
85 6 8635
85 19 3784
85 22 9091
85 26 2249
85 27 5605
85 28 1607
85 29 8777
85 33 6816
85 35 8506
85 39 6224
85 49 6021
85 52 7489
85 54 5259
85 58 3634
85 59 1647
85 61 6388
85 67 3236
85 71 2126
85 80 2815
85 82 9963
85 89 6923
85 95 7053
86 1 3398
86 4 5347
86 13 3132
86 15 3025
86 16 3369
86 17 5293
86 19 7392
86 20 2687
86 24 6323
86 29 1630
86 31 1363
86 34 6794
86 37 4096
86 38 5344
86 46 7589
86 48 6529
86 52 4869
86 55 2659
86 56 9338
86 60 7798
86 63 1494
86 64 5474
86 69 1492
86 72 3678
86 74 2544
86 77 7171
86 81 9462
86 82 7893
86 84 4818
86 90 8089
86 92 4262
86 99 4848
87 7 1442
87 9 7566
87 11 8265
87 13 8178
87 24 7172
87 28 1541
87 29 9872
87 35 7774
87 42 5280
87 43 7012
87 44 6410
87 50 3649
87 52 8493
87 53 9837
87 55 7789
87 57 8907
87 61 9751
87 72 5248
87 75 1965
87 76 5332
87 81 2438
87 82 7738
87 83 8498
87 84 6149
87 90 3685
87 92 1816
87 93 5297
87 98 3525
88 2 5755
88 4 1984
88 13 9973
88 17 9872
88 18 7056
88 19 1568
88 21 8328
88 25 6479
88 27 5340
88 30 1342
88 34 5453
88 40 8300
88 44 3570
88 46 3468
88 48 1303
88 49 5296
88 56 2600
88 57 6521
88 58 2787
88 61 2857
88 65 7666
88 66 8090
88 67 1717
88 68 7464
88 71 3759
88 72 7332
88 76 1943
88 78 2752
88 79 6479
88 90 6286
88 92 5171
88 94 7367
88 97 1168
88 98 3553
89 3 8457
89 6 5016
89 10 6867
89 12 4369
89 14 4088
89 16 9598
89 19 2946
89 20 2612
89 26 6219
89 28 5187
89 29 5028
89 36 8700
89 42 1658
89 45 3175
89 46 9082
89 51 3210
89 58 3456
89 64 2988
89 68 1162
89 77 6616
89 82 1816
89 85 6923
89 90 6938
89 92 6252
89 95 1956
89 98 5532
90 4 4678
90 7 9158
90 9 7545
90 10 6705
90 12 4136
90 14 1827
90 15 3141
90 19 6654
90 21 5992
90 24 1640
90 27 4667
90 33 3485
90 54 2470
90 57 7266
90 60 6711
90 61 2884
90 62 7968
90 69 6026
90 70 2724
90 73 8164
90 77 7236
90 79 5635
90 84 5193
90 86 8089
90 87 3685
90 88 6286
90 89 6938
90 94 4461
90 98 9527
91 5 3520
91 6 7662
91 8 6669
91 9 6971
91 10 2448
91 12 3337
91 13 8850
91 14 9881
91 16 5105
91 17 2473
91 18 6634
91 24 8326
91 25 6524
91 26 8033
91 28 4126
91 29 8299
91 32 3830
91 35 2511
91 38 5060
91 42 6043
91 45 7025
91 52 1807
91 57 3855
91 59 4744
91 60 4967
91 67 4414
91 70 9473
91 72 4168
91 73 4200
91 75 7196
91 79 5414
91 81 9056
91 83 9801
91 92 6177
92 4 1750
92 7 5113
92 18 9390
92 20 1372
92 22 9442
92 28 9394
92 33 8178
92 39 2945
92 40 7688
92 43 7488
92 44 2637
92 45 6584
92 47 1117
92 50 8002
92 54 8040
92 55 3527
92 62 3785
92 63 4875
92 66 4260
92 71 6439
92 72 4176
92 73 1960
92 77 9756
92 82 8752
92 86 4262
92 87 1816
92 88 5171
92 89 6252
92 91 6177
93 1 9963
93 3 1656
93 7 4020
93 12 4965
93 16 5650
93 17 4958
93 21 2840
93 22 1227
93 32 2853
93 36 1680
93 37 7052
93 41 2951
93 60 6366
93 61 6263
93 63 1028
93 65 3736
93 66 8860
93 74 2072
93 80 5030
93 82 7373
93 83 2177
93 87 5297
93 96 2270
94 1 7983
94 4 6846
94 5 7246
94 6 6666
94 15 7416
94 22 1248
94 26 7365
94 28 9521
94 29 6374
94 30 7618
94 31 7271
94 35 5217
94 47 8717
94 50 1774
94 53 1278
94 55 6781
94 56 3481
94 57 5255
94 59 4603
94 65 8544
94 72 5896
94 76 9981
94 77 3741
94 81 9431
94 83 6318
94 88 7367
94 90 4461
94 97 1977
94 98 6714
95 4 1544
95 6 5654
95 8 3069
95 9 4839
95 16 7037
95 21 8012
95 22 4948
95 29 2028
95 30 9040
95 33 1601
95 34 3720
95 35 7710
95 36 7021
95 37 6363
95 38 9095
95 45 7477
95 53 4974
95 54 6323
95 60 6047
95 62 7448
95 77 4913
95 78 5920
95 83 5034
95 85 7053
95 89 1956
95 96 5860
96 1 3326
96 3 5525
96 4 3502
96 8 1031
96 20 3109
96 23 2903
96 28 3671
96 31 8404
96 34 5245
96 36 7582
96 43 9862
96 45 1965
96 46 9951
96 47 2906
96 48 2652
96 51 8487
96 55 1556
96 56 4234
96 58 5296
96 59 2886
96 61 6515
96 62 7757
96 63 9186
96 69 8138
96 72 2007
96 76 5926
96 80 1156
96 81 7837
96 93 2270
96 95 5860
96 98 2228
97 6 9606
97 7 4337
97 11 7947
97 17 8831
97 18 2785
97 25 2177
97 26 4791
97 28 5977
97 30 9952
97 31 4890
97 33 5164
97 35 9710
97 37 7684
97 41 5994
97 43 6975
97 45 9011
97 47 2524
97 50 8461
97 51 6785
97 65 4265
97 67 6762
97 69 5963
97 75 2747
97 82 9084
97 83 9386
97 88 1168
97 94 1977
98 10 3610
98 16 2083
98 17 3260
98 18 7315
98 19 3967
98 20 2182
98 28 6153
98 34 5600
98 35 6831
98 42 9773
98 43 7757
98 46 7393
98 47 8539
98 49 9805
98 51 2113
98 56 7719
98 58 3664
98 62 1468
98 68 1232
98 69 8155
98 71 3293
98 81 4043
98 83 9176
98 87 3525
98 88 3553
98 89 5532
98 90 9527
98 94 6714
98 96 2228
98 99 3145
1 t 6301
9 t 9887
14 t 8594
15 t 6657
18 t 5782
22 t 5409
30 t 8499
32 t 3527
34 t 9911
37 t 3168
53 t 3045
54 t 2109
62 t 1672
66 t 9673
69 t 9450
72 t 1753
74 t 8483
80 t 7390
82 t 1428
84 t 9394
86 t 4848
98 t 3145
