s 1 392
s 2 3709
s 3 1147
s 4 295
s 6 8860
s 13 9686
s 17 6188
s 19 5844
s 20 9990
s 21 2981
s 23 3233
s 26 2108
s 27 1972
s 32 6983
s 36 1442
s 40 5137
s 41 1861
s 42 3643
s 45 6685
s 51 2112
s 53 5843
s 63 3077
s 66 3961
s 67 8439
s 70 5046
s 74 7459
s 76 1003
s 78 9052
s 79 6038
s 80 4893
s 94 4194
s 97 8071
1 2 6308
1 3 8320
1 7 4208
1 17 5619
1 18 8666
1 25 3325
1 28 3173
1 29 3170
1 31 5813
1 46 8454
1 47 315
1 48 1063
1 50 6928
1 51 278
1 54 3376
1 56 7625
1 57 1581
1 58 444
1 62 7053
1 68 9615
1 69 2458
1 71 1192
1 74 9824
1 80 2744
1 82 5260
1 83 6298
1 84 9857
1 90 6865
1 91 3891
1 97 8544
2 1 6308
2 12 1422
2 14 3489
2 18 5155
2 29 1844
2 35 8451
2 39 9393
2 41 7798
2 42 7513
2 44 4722
2 45 6311
2 47 2531
2 49 7882
2 50 1920
2 51 7580
2 54 8901
2 57 9415
2 58 756
2 61 9756
2 63 5047
2 64 8286
2 65 8124
2 69 1459
2 71 7491
2 77 5855
2 84 4854
2 88 5356
2 90 516
3 1 8320
3 4 2010
3 5 3873
3 13 2593
3 14 1128
3 19 3540
3 21 4417
3 24 7187
3 29 4316
3 30 716
3 35 4065
3 36 2706
3 41 3124
3 42 4740
3 44 2877
3 50 6868
3 54 3643
3 57 2594
3 59 9183
3 60 5400
3 65 5148
3 66 7032
3 67 4082
3 69 3611
3 70 5282
3 72 6342
3 74 498
3 77 9324
3 81 2410
3 82 3840
3 84 8992
3 87 4223
4 3 2010
4 5 9233
4 6 7178
4 12 124
4 19 9025
4 20 2695
4 21 753
4 24 4675
4 25 988
4 26 6505
4 28 42
4 32 4990
4 36 2375
4 49 1581
4 51 5107
4 57 1141
4 64 2606
4 66 6399
4 81 2640
4 82 3140
4 84 4007
4 87 9280
4 95 4918
4 96 7574
5 3 3873
5 4 9233
5 7 165
5 12 3478
5 16 4863
5 22 6585
5 29 1558
5 30 870
5 31 5855
5 34 9041
5 39 2549
5 40 1563
5 52 2304
5 53 7094
5 55 1037
5 61 8410
5 68 5463
5 69 6897
5 70 6625
5 74 4936
5 84 2481
5 89 1168
5 95 5953
5 99 5761
6 4 7178
6 7 3832
6 11 2855
6 12 1656
6 17 3986
6 18 922
6 22 98
6 23 5125
6 26 3221
6 29 1512
6 36 5383
6 39 2657
6 44 6358
6 64 2799
6 72 6777
6 74 2197
6 76 9012
6 78 1763
6 79 8417
6 80 7798
6 82 7027
6 83 4167
6 85 6456
6 86 5691
6 89 948
6 93 1626
7 1 4208
7 5 165
7 6 3832
7 12 5209
7 13 3560
7 14 4723
7 18 8106
7 21 9172
7 23 5457
7 27 3890
7 29 5260
7 31 3304
7 34 1602
7 44 6622
7 51 1871
7 52 433
7 55 4716
7 56 8541
7 58 5620
7 66 3308
7 75 7875
7 78 3363
7 79 1188
7 82 7813
7 90 3812
7 94 1671
7 97 7660
8 10 938
8 11 2687
8 14 1737
8 17 5819
8 25 9846
8 28 1308
8 29 477
8 33 8320
8 40 4426
8 41 9065
8 42 2717
8 46 6016
8 47 5327
8 48 8859
8 53 4704
8 54 3154
8 58 2531
8 61 3906
8 63 6237
8 69 1924
8 70 6785
8 84 1042
8 94 3385
9 11 6929
9 13 7467
9 16 1155
9 17 4590
9 19 5027
9 24 9516
9 28 2368
9 29 6041
9 34 6297
9 35 8244
9 36 185
9 37 6091
9 38 9202
9 39 8048
9 40 5076
9 41 315
9 44 8522
9 45 1176
9 46 6489
9 47 6797
9 51 3739
9 52 8453
9 55 3517
9 60 2329
9 64 7679
9 65 978
9 69 9020
9 72 3788
9 74 9929
9 75 8881
9 84 8119
9 85 2315
9 86 1548
9 88 8790
9 93 1892
10 8 938
10 18 4783
10 20 6533
10 23 763
10 26 745
10 40 9382
10 49 4297
10 51 8560
10 59 201
10 63 6784
10 68 4054
10 74 6023
10 79 1726
10 80 4729
10 83 5790
10 84 1521
10 85 8180
10 87 7611
10 95 8982
10 96 5732
10 99 7333
11 6 2855
11 8 2687
11 9 6929
11 13 1509
11 15 8360
11 17 9934
11 19 1243
11 24 1499
11 28 7698
11 32 9527
11 39 4279
11 40 5186
11 41 353
11 43 4039
11 48 1506
11 49 4496
11 51 6637
11 59 9351
11 60 2275
11 62 374
11 67 226
11 70 1687
11 73 8059
11 76 4148
11 80 8243
11 83 8849
11 85 2001
11 89 7287
11 98 1206
12 2 1422
12 4 124
12 5 3478
12 6 1656
12 7 5209
12 19 6096
12 21 3258
12 22 7125
12 32 1549
12 36 2846
12 41 9241
12 45 3698
12 46 3575
12 47 9560
12 52 3844
12 54 8268
12 58 9384
12 59 7198
12 60 6966
12 65 210
12 69 138
12 75 5385
12 78 940
12 79 9860
12 82 1743
12 85 6115
12 88 1309
12 97 7882
12 99 9520
13 3 2593
13 7 3560
13 9 7467
13 11 1509
13 17 7553
13 19 8182
13 20 3819
13 21 9107
13 23 4191
13 25 4099
13 33 8220
13 45 664
13 46 630
13 47 3036
13 50 1057
13 51 2819
13 53 6656
13 60 887
13 68 6331
13 70 2004
13 71 3726
13 73 7254
13 75 4218
13 78 6174
13 80 6919
13 81 5774
13 89 8769
13 95 1588
13 97 6545
14 2 3489
14 3 1128
14 7 4723
14 8 1737
14 15 9762
14 19 4782
14 23 1104
14 24 5478
14 25 7610
14 28 2646
14 32 4338
14 37 2510
14 38 2096
14 42 7477
14 44 6980
14 46 4765
14 53 3926
14 55 3606
14 63 9624
14 67 278
14 68 4200
14 69 3982
14 71 9845
14 74 9925
14 85 2626
14 86 9104
14 87 5529
14 89 3762
14 94 6075
14 95 6734
14 96 2194
14 99 4519
15 11 8360
15 14 9762
15 16 8623
15 20 4975
15 21 6536
15 24 311
15 25 1987
15 26 6874
15 30 1684
15 32 4332
15 35 5737
15 40 8267
15 41 574
15 42 8015
15 51 2904
15 53 2218
15 54 5474
15 55 2709
15 58 1277
15 62 3755
15 64 7890
15 66 2931
15 68 7688
15 75 5009
15 77 9722
15 79 7206
15 82 4905
15 86 6643
15 92 4995
15 93 3817
16 5 4863
16 9 1155
16 15 8623
16 17 2926
16 18 2302
16 25 8193
16 34 8790
16 37 8211
16 43 9246
16 44 2759
16 51 3024
16 52 9428
16 57 2015
16 58 7495
16 59 8801
16 63 2905
16 64 9616
16 65 1481
16 69 3798
16 70 6456
16 71 4385
16 76 7154
16 80 7476
16 95 6753
16 97 1324
17 1 5619
17 6 3986
17 8 5819
17 9 4590
17 11 9934
17 13 7553
17 16 2926
17 23 3823
17 25 7336
17 27 7654
17 30 9078
17 31 670
17 34 990
17 35 4923
17 38 5212
17 43 9644
17 44 2947
17 51 3497
17 54 4753
17 67 1469
17 68 7010
17 69 9754
17 75 6038
17 77 1084
17 78 5056
17 80 9545
17 86 6545
17 88 5571
17 89 4759
17 95 2887
17 98 2359
18 1 8666
18 2 5155
18 6 922
18 7 8106
18 10 4783
18 16 2302
18 25 7574
18 28 4244
18 32 9362
18 38 3917
18 43 8681
18 47 9919
18 48 3904
18 52 1952
18 54 923
18 57 3726
18 62 360
18 64 5926
18 69 824
18 70 9643
18 72 4302
18 74 9379
18 78 4269
18 79 4886
18 82 2637
18 90 605
18 96 7215
18 97 6071
19 3 3540
19 4 9025
19 9 5027
19 11 1243
19 12 6096
19 13 8182
19 14 4782
19 20 9132
19 21 1787
19 22 9730
19 23 7409
19 24 5484
19 25 3158
19 47 1552
19 50 8436
19 52 8418
19 55 5007
19 56 518
19 57 2461
19 68 9027
19 70 9464
19 77 8437
19 81 9501
19 84 8834
19 85 5202
19 87 7971
19 94 1036
19 96 6588
19 98 9344
20 4 2695
20 10 6533
20 13 3819
20 15 4975
20 19 9132
20 21 30
20 24 1639
20 25 8010
20 28 6175
20 38 3549
20 40 6022
20 45 1116
20 50 9298
20 51 9738
20 52 5128
20 54 9370
20 58 4735
20 65 2170
20 67 786
20 68 9691
20 72 6727
20 76 9821
20 78 6903
20 80 6047
20 81 8103
20 85 3035
20 91 6413
20 92 1026
20 95 9443
20 96 3726
20 97 3680
20 99 5203
21 3 4417
21 4 753
21 7 9172
21 12 3258
21 13 9107
21 15 6536
21 19 1787
21 20 30
21 22 2303
21 26 315
21 27 5962
21 28 6581
21 37 7920
21 42 4206
21 43 8615
21 48 7167
21 55 990
21 57 1303
21 59 1605
21 61 1184
21 63 9754
21 65 5515
21 66 797
21 68 1864
21 70 2059
21 74 8919
21 84 7238
21 97 499
21 98 6899
21 99 9947
22 5 6585
22 6 98
22 12 7125
22 19 9730
22 21 2303
22 24 6956
22 28 1114
22 29 297
22 30 2959
22 32 3478
22 34 89
22 36 8662
22 38 5119
22 41 9453
22 50 945
22 51 530
22 60 9071
22 62 3712
22 63 4811
22 76 2657
22 81 638
22 83 8183
22 85 7457
22 88 8738
22 89 3613
22 92 2477
22 98 1632
22 99 6416
23 6 5125
23 7 5457
23 10 763
23 13 4191
23 14 1104
23 17 3823
23 19 7409
23 24 1141
23 27 9987
23 30 2044
23 37 5769
23 38 4363
23 39 9889
23 40 2092
23 45 4353
23 50 128
23 51 6525
23 53 5231
23 55 6966
23 58 9554
23 60 5084
23 67 4235
23 71 6159
23 72 326
23 81 545
23 83 3363
23 84 7799
23 85 9115
23 87 6029
23 89 5296
23 91 3088
23 92 2869
23 94 9382
23 99 8722
24 3 7187
24 4 4675
24 9 9516
24 11 1499
24 14 5478
24 15 311
24 19 5484
24 20 1639
24 22 6956
24 23 1141
24 26 6186
24 27 6498
24 30 1017
24 31 6934
24 36 678
24 48 1340
24 54 6112
24 59 9316
24 60 6464
24 63 1711
24 64 309
24 66 3997
24 69 5845
24 70 4661
24 77 6585
24 78 6462
24 82 8955
24 89 7899
24 92 5610
24 94 8666
24 95 2679
24 96 8588
24 98 4289
25 1 3325
25 4 988
25 8 9846
25 13 4099
25 14 7610
25 15 1987
25 16 8193
25 17 7336
25 18 7574
25 19 3158
25 20 8010
25 27 8560
25 32 4099
25 36 7651
25 38 2542
25 39 8446
25 44 8833
25 47 7076
25 48 993
25 50 5572
25 52 8476
25 55 2423
25 60 690
25 61 1570
25 62 2202
25 65 5135
25 73 1682
25 79 1572
25 81 4667
25 82 3641
25 84 5480
25 85 5233
25 86 6229
25 88 5279
25 89 8715
25 92 7541
25 99 8920
26 4 6505
26 6 3221
26 10 745
26 15 6874
26 21 315
26 24 6186
26 30 9283
26 34 1667
26 36 7523
26 37 4203
26 44 6637
26 45 5462
26 48 4554
26 49 7561
26 55 7376
26 57 5319
26 58 3171
26 59 5275
26 62 7360
26 63 2160
26 67 8615
26 70 9183
26 74 8834
26 76 7353
26 78 7666
26 79 6770
26 82 5444
26 83 575
26 84 7325
26 85 8337
26 86 7402
26 90 9524
27 7 3890
27 17 7654
27 21 5962
27 23 9987
27 24 6498
27 25 8560
27 29 8220
27 30 1980
27 38 8362
27 40 3880
27 41 8419
27 42 5293
27 45 4641
27 46 7251
27 47 4278
27 52 2533
27 54 7020
27 59 8449
27 60 8700
27 62 2506
27 63 1362
27 64 4798
27 67 3669
27 69 4726
27 70 8209
27 71 602
27 73 7556
27 74 2896
27 75 8272
27 79 2140
27 81 1529
27 86 5727
27 88 9712
27 92 7153
27 93 8897
27 98 7149
27 99 5814
28 1 3173
28 4 42
28 8 1308
28 9 2368
28 11 7698
28 14 2646
28 18 4244
28 20 6175
28 21 6581
28 22 1114
28 29 4650
28 32 8779
28 47 99
28 53 5785
28 64 7275
28 68 8289
28 72 449
28 75 3640
28 78 3459
28 82 1425
28 86 3507
28 87 4833
28 90 1807
28 91 4446
28 92 744
28 94 9722
28 97 296
28 99 9017
29 1 3170
29 2 1844
29 3 4316
29 5 1558
29 6 1512
29 7 5260
29 8 477
29 9 6041
29 22 297
29 27 8220
29 28 4650
29 35 2823
29 38 2394
29 40 8527
29 41 1860
29 49 5267
29 52 7937
29 57 6954
29 59 2709
29 66 7
29 67 5560
29 70 1879
29 73 8263
29 74 3354
29 75 9059
29 77 6807
29 78 2048
29 80 6290
29 82 605
29 87 3996
29 93 4137
29 94 5756
29 99 2163
30 3 716
30 5 870
30 15 1684
30 17 9078
30 22 2959
30 23 2044
30 24 1017
30 26 9283
30 27 1980
30 31 9327
30 42 5167
30 46 7044
30 47 68
30 49 7254
30 53 6478
30 56 4428
30 57 5073
30 62 6758
30 64 1168
30 75 1149
30 83 1184
30 87 846
30 88 5788
30 96 1548
30 98 7158
31 1 5813
31 5 5855
31 7 3304
31 17 670
31 24 6934
31 30 9327
31 32 4838
31 38 2709
31 40 5146
31 43 4042
31 45 10000
31 51 7391
31 54 5428
31 56 8097
31 60 1123
31 64 7375
31 73 8410
31 75 966
31 76 6932
31 79 8223
31 80 8584
31 82 7007
31 88 5481
31 90 1658
31 95 3833
31 99 5117
32 4 4990
32 11 9527
32 12 1549
32 14 4338
32 15 4332
32 18 9362
32 22 3478
32 25 4099
32 28 8779
32 31 4838
32 33 8612
32 34 9625
32 41 8151
32 42 7933
32 43 5943
32 45 4855
32 50 8559
32 51 7939
32 53 6687
32 54 4481
32 56 1382
32 57 2297
32 58 9846
32 60 1144
32 61 547
32 65 8969
32 68 8452
32 71 7941
32 72 4914
32 81 8460
32 82 6312
32 88 9734
32 97 6
32 98 4961
33 8 8320
33 13 8220
33 32 8612
33 34 5626
33 37 7024
33 48 5432
33 53 8170
33 55 410
33 57 6791
33 58 2225
33 61 3980
33 75 3634
33 77 7986
33 79 6143
33 84 5467
33 90 8516
33 91 9038
33 93 7866
33 94 6470
34 5 9041
34 7 1602
34 9 6297
34 16 8790
34 17 990
34 22 89
34 26 1667
34 32 9625
34 33 5626
34 37 7748
34 42 8281
34 44 4487
34 49 3499
34 50 705
34 56 677
34 57 2394
34 59 2209
34 61 606
34 62 4318
34 63 2702
34 64 7084
34 65 2410
34 68 8339
34 70 6228
34 76 7958
34 78 328
34 79 9550
34 84 6711
34 85 1674
34 86 10000
34 87 8330
34 88 911
34 89 858
34 90 9017
34 94 8831
34 96 2514
34 98 3275
35 2 8451
35 3 4065
35 9 8244
35 15 5737
35 17 4923
35 29 2823
35 37 6509
35 40 6740
35 41 4524
35 46 9058
35 53 4874
35 55 3892
35 57 868
35 63 8421
35 65 3112
35 66 9337
35 69 8400
35 70 3085
35 77 3624
35 78 4587
35 89 8564
35 98 3342
35 99 1334
36 3 2706
36 4 2375
36 6 5383
36 9 185
36 12 2846
36 22 8662
36 24 678
36 25 7651
36 26 7523
36 41 6570
36 45 5163
36 46 2342
36 48 494
36 55 3864
36 57 9957
36 72 802
36 78 3497
36 79 7575
36 85 5582
36 86 9880
36 93 8239
36 98 3329
37 9 6091
37 14 2510
37 16 8211
37 21 7920
37 23 5769
37 26 4203
37 33 7024
37 34 7748
37 35 6509
37 38 3431
37 41 2751
37 42 6283
37 43 6844
37 46 4454
37 47 9379
37 52 3202
37 53 722
37 54 6070
37 56 8046
37 58 727
37 60 5739
37 66 9791
37 75 2932
37 79 2793
37 81 3668
37 82 6102
37 89 5189
37 93 6225
37 95 7997
37 96 324
37 97 6012
38 9 9202
38 14 2096
38 17 5212
38 18 3917
38 20 3549
38 22 5119
38 23 4363
38 25 2542
38 27 8362
38 29 2394
38 31 2709
38 37 3431
38 39 774
38 40 5894
38 43 9014
38 45 8423
38 47 6654
38 48 1530
38 50 4132
38 51 9830
38 52 4996
38 53 6071
38 56 2504
38 61 7922
38 63 2808
38 65 5452
38 66 2386
38 67 2962
38 70 7865
38 73 5135
38 74 5474
38 79 140
38 81 6588
38 84 1130
38 85 2902
38 87 6860
38 90 8195
38 96 8735
39 2 9393
39 5 2549
39 6 2657
39 9 8048
39 11 4279
39 23 9889
39 25 8446
39 38 774
39 41 6538
39 45 8042
39 55 9335
39 57 2016
39 59 6505
39 60 7502
39 67 6653
39 69 2116
39 70 4720
39 71 5675
39 72 9064
39 80 3505
39 85 3979
39 93 1846
39 99 7722
40 5 1563
40 8 4426
40 9 5076
40 10 9382
40 11 5186
40 15 8267
40 20 6022
40 23 2092
40 27 3880
40 29 8527
40 31 5146
40 35 6740
40 38 5894
40 42 1532
40 44 2072
40 46 9001
40 49 6545
40 52 1220
40 55 2397
40 56 9020
40 58 4165
40 59 7033
40 60 6292
40 63 4708
40 64 6764
40 65 8126
40 66 9649
40 69 7001
40 72 3917
40 75 119
40 80 1330
40 81 4074
40 86 8403
40 93 2355
40 95 9948
41 2 7798
41 3 3124
41 8 9065
41 9 315
41 11 353
41 12 9241
41 15 574
41 22 9453
41 27 8419
41 29 1860
41 32 8151
41 35 4524
41 36 6570
41 37 2751
41 39 6538
41 42 4089
41 46 8071
41 49 7407
41 50 7575
41 56 9078
41 61 1210
41 62 8769
41 64 9671
41 65 9733
41 66 9114
41 73 2410
41 74 9013
41 79 5359
41 82 3064
41 84 7758
41 88 1276
41 94 383
41 95 6455
41 97 1610
42 2 7513
42 3 4740
42 8 2717
42 14 7477
42 15 8015
42 21 4206
42 27 5293
42 30 5167
42 32 7933
42 34 8281
42 37 6283
42 40 1532
42 41 4089
42 43 5888
42 44 1534
42 54 2608
42 58 509
42 63 9488
42 66 8799
42 68 8073
42 71 5228
42 75 7728
42 76 7860
42 77 2915
42 78 4927
42 79 4500
42 87 3472
42 89 9159
42 93 5012
42 94 9697
42 97 7401
42 99 4046
43 11 4039
43 16 9246
43 17 9644
43 18 8681
43 21 8615
43 31 4042
43 32 5943
43 37 6844
43 38 9014
43 42 5888
43 50 6273
43 58 3152
43 65 6549
43 68 9824
43 69 1444
43 70 4671
43 74 4338
43 76 1771
43 83 5576
43 89 709
43 91 8507
43 92 8385
43 93 2142
44 2 4722
44 3 2877
44 6 6358
44 7 6622
44 9 8522
44 14 6980
44 16 2759
44 17 2947
44 25 8833
44 26 6637
44 34 4487
44 40 2072
44 42 1534
44 51 413
44 55 5357
44 56 9631
44 68 6542
44 73 6741
44 77 7564
44 79 6249
44 81 7029
44 84 8516
44 96 7052
45 2 6311
45 9 1176
45 12 3698
45 13 664
45 20 1116
45 23 4353
45 26 5462
45 27 4641
45 31 10000
45 32 4855
45 36 5163
45 38 8423
45 39 8042
45 48 3799
45 50 3810
45 52 7804
45 53 5839
45 54 2479
45 55 1942
45 56 1190
45 58 609
45 61 5347
45 63 7963
45 64 3492
45 72 8410
45 75 4692
45 85 821
45 94 1145
45 95 7009
46 1 8454
46 8 6016
46 9 6489
46 12 3575
46 13 630
46 14 4765
46 27 7251
46 30 7044
46 35 9058
46 36 2342
46 37 4454
46 40 9001
46 41 8071
46 48 4216
46 52 2158
46 53 5799
46 54 4552
46 60 8186
46 66 8983
46 68 4341
46 71 5902
46 73 208
46 76 3815
46 80 2359
46 81 9873
46 82 3233
46 83 7234
46 88 1316
46 91 6324
46 98 5271
47 1 315
47 2 2531
47 8 5327
47 9 6797
47 12 9560
47 13 3036
47 18 9919
47 19 1552
47 25 7076
47 27 4278
47 28 99
47 30 68
47 37 9379
47 38 6654
47 52 6165
47 53 5121
47 56 5943
47 61 4681
47 62 9191
47 66 7480
47 68 6792
47 71 6570
47 82 3272
47 85 3442
47 88 4024
47 91 5998
47 93 1901
47 97 1220
47 98 9759
48 1 1063
48 8 8859
48 11 1506
48 18 3904
48 21 7167
48 24 1340
48 25 993
48 26 4554
48 33 5432
48 36 494
48 38 1530
48 45 3799
48 46 4216
48 50 4092
48 54 6364
48 60 9929
48 61 3625
48 66 6262
48 71 3861
48 73 1476
48 76 2383
48 77 8238
48 78 3937
48 86 1028
48 88 5634
48 89 9589
48 92 1595
48 93 6721
48 94 3188
48 95 3845
48 96 972
49 2 7882
49 4 1581
49 10 4297
49 11 4496
49 26 7561
49 29 5267
49 30 7254
49 34 3499
49 40 6545
49 41 7407
49 53 2342
49 54 6257
49 57 9547
49 58 3570
49 67 7881
49 72 3054
49 79 9316
49 81 1824
49 83 6375
49 84 9609
49 85 9791
49 87 1736
49 92 6835
50 1 6928
50 2 1920
50 3 6868
50 13 1057
50 19 8436
50 20 9298
50 22 945
50 23 128
50 25 5572
50 32 8559
50 34 705
50 38 4132
50 41 7575
50 43 6273
50 45 3810
50 48 4092
50 51 9070
50 52 8121
50 57 9075
50 58 6709
50 61 2206
50 66 8076
50 68 9671
50 74 8368
50 79 6537
50 80 4837
50 86 7028
50 89 9743
50 92 5489
50 93 9273
50 97 726
51 1 278
51 2 7580
51 4 5107
51 7 1871
51 9 3739
51 10 8560
51 11 6637
51 13 2819
51 15 2904
51 16 3024
51 17 3497
51 20 9738
51 22 530
51 23 6525
51 31 7391
51 32 7939
51 38 9830
51 44 413
51 50 9070
51 55 7537
51 59 5233
51 67 9289
51 68 501
51 73 468
51 75 2004
51 79 4409
51 86 8117
52 5 2304
52 7 433
52 9 8453
52 12 3844
52 16 9428
52 18 1952
52 19 8418
52 20 5128
52 25 8476
52 27 2533
52 29 7937
52 37 3202
52 38 4996
52 40 1220
52 45 7804
52 46 2158
52 47 6165
52 50 8121
52 55 5484
52 58 8297
52 62 2619
52 63 8109
52 68 6906
52 70 6263
52 77 1643
52 78 1068
52 79 1350
52 81 5472
52 82 844
52 83 1292
52 85 8557
52 87 5668
52 90 3182
52 91 8011
52 92 5325
53 5 7094
53 8 4704
53 13 6656
53 14 3926
53 15 2218
53 23 5231
53 28 5785
53 30 6478
53 32 6687
53 33 8170
53 35 4874
53 37 722
53 38 6071
53 45 5839
53 46 5799
53 47 5121
53 49 2342
53 57 148
53 61 53
53 66 4685
53 68 4855
53 70 1671
53 71 5996
53 76 73
53 78 17
53 80 3305
53 86 514
53 87 6509
53 91 9292
53 92 3962
53 93 9310
53 95 9178
53 96 3420
53 99 6525
54 1 3376
54 2 8901
54 3 3643
54 8 3154
54 12 8268
54 15 5474
54 17 4753
54 18 923
54 20 9370
54 24 6112
54 27 7020
54 31 5428
54 32 4481
54 37 6070
54 42 2608
54 45 2479
54 46 4552
54 48 6364
54 49 6257
54 57 7994
54 58 8601
54 63 5229
54 67 2126
54 68 5761
54 72 3609
54 74 8650
54 82 4007
54 83 4209
54 87 2293
54 88 2985
54 92 4235
54 93 3028
54 94 2710
54 97 742
54 98 1792
54 99 8227
55 5 1037
55 7 4716
55 9 3517
55 14 3606
55 15 2709
55 19 5007
55 21 990
55 23 6966
55 25 2423
55 26 7376
55 33 410
55 35 3892
55 36 3864
55 39 9335
55 40 2397
55 44 5357
55 45 1942
55 51 7537
55 52 5484
55 57 2145
55 62 9388
55 64 8096
55 68 1363
55 70 1681
55 75 7634
55 77 8187
55 81 2207
55 85 2061
55 91 7670
55 97 2426
56 1 7625
56 7 8541
56 19 518
56 30 4428
56 31 8097
56 32 1382
56 34 677
56 37 8046
56 38 2504
56 40 9020
56 41 9078
56 44 9631
56 45 1190
56 47 5943
56 57 4709
56 58 9603
56 60 429
56 63 3680
56 69 3183
56 70 8804
56 78 547
56 84 7058
56 86 5747
56 90 1703
56 93 3385
56 96 2397
56 97 7446
56 98 623
57 1 1581
57 2 9415
57 3 2594
57 4 1141
57 16 2015
57 18 3726
57 19 2461
57 21 1303
57 26 5319
57 29 6954
57 30 5073
57 32 2297
57 33 6791
57 34 2394
57 35 868
57 36 9957
57 39 2016
57 49 9547
57 50 9075
57 53 148
57 54 7994
57 55 2145
57 56 4709
57 62 9990
57 63 210
57 66 6593
57 68 837
57 71 9588
57 77 286
57 79 5154
57 80 2040
57 83 4313
57 85 3965
57 94 6896
58 1 444
58 2 756
58 7 5620
58 8 2531
58 12 9384
58 15 1277
58 16 7495
58 20 4735
58 23 9554
58 26 3171
58 32 9846
58 33 2225
58 37 727
58 40 4165
58 42 509
58 43 3152
58 45 609
58 49 3570
58 50 6709
58 52 8297
58 54 8601
58 56 9603
58 62 755
58 66 7215
58 73 8945
58 75 7746
58 79 1515
58 84 4381
58 88 8549
58 93 4612
59 3 9183
59 10 201
59 11 9351
59 12 7198
59 16 8801
59 21 1605
59 24 9316
59 26 5275
59 27 8449
59 29 2709
59 34 2209
59 39 6505
59 40 7033
59 51 5233
59 63 6910
59 65 6635
59 66 8686
59 70 111
59 71 9668
59 84 9638
59 85 3912
59 87 7818
59 92 8753
59 93 2717
60 3 5400
60 9 2329
60 11 2275
60 12 6966
60 13 887
60 22 9071
60 23 5084
60 24 6464
60 25 690
60 27 8700
60 31 1123
60 32 1144
60 37 5739
60 39 7502
60 40 6292
60 46 8186
60 48 9929
60 56 429
60 62 8863
60 69 9888
60 72 2556
60 73 9518
60 75 6437
60 77 7494
60 82 4964
60 85 4110
60 95 2759
61 2 9756
61 5 8410
61 8 3906
61 21 1184
61 25 1570
61 32 547
61 33 3980
61 34 606
61 38 7922
61 41 1210
61 45 5347
61 47 4681
61 48 3625
61 50 2206
61 53 53
61 64 4406
61 66 7404
61 68 7951
61 70 9061
61 72 1181
61 77 7703
61 79 1529
61 84 2722
61 90 684
61 92 1059
61 96 5835
62 1 7053
62 11 374
62 15 3755
62 18 360
62 22 3712
62 25 2202
62 26 7360
62 27 2506
62 30 6758
62 34 4318
62 41 8769
62 47 9191
62 52 2619
62 55 9388
62 57 9990
62 58 755
62 60 8863
62 70 7817
62 75 8331
62 78 6856
62 81 2984
62 84 7675
62 87 6346
62 88 909
62 89 9087
62 91 713
62 93 2476
62 97 9433
63 2 5047
63 8 6237
63 10 6784
63 14 9624
63 16 2905
63 21 9754
63 22 4811
63 24 1711
63 26 2160
63 27 1362
63 34 2702
63 35 8421
63 38 2808
63 40 4708
63 42 9488
63 45 7963
63 52 8109
63 54 5229
63 56 3680
63 57 210
63 59 6910
63 65 1987
63 68 9197
63 71 4474
63 72 8279
63 73 5782
63 82 1744
63 88 5505
63 90 4026
63 91 3710
63 92 4608
63 93 6163
63 94 4934
63 96 1068
63 98 6101
64 2 8286
64 4 2606
64 6 2799
64 9 7679
64 15 7890
64 16 9616
64 18 5926
64 24 309
64 27 4798
64 28 7275
64 30 1168
64 31 7375
64 34 7084
64 40 6764
64 41 9671
64 45 3492
64 55 8096
64 61 4406
64 65 6773
64 70 3757
64 81 7755
64 82 5316
64 83 1038
64 87 3022
64 95 3541
64 97 8277
65 2 8124
65 3 5148
65 9 978
65 12 210
65 16 1481
65 20 2170
65 21 5515
65 25 5135
65 32 8969
65 34 2410
65 35 3112
65 38 5452
65 40 8126
65 41 9733
65 43 6549
65 59 6635
65 63 1987
65 64 6773
65 70 4179
65 72 2362
65 74 9756
65 76 6903
65 77 5078
65 79 774
65 80 831
65 90 5582
65 91 4330
65 96 4645
66 3 7032
66 4 6399
66 7 3308
66 15 2931
66 21 797
66 24 3997
66 29 7
66 35 9337
66 37 9791
66 38 2386
66 40 9649
66 41 9114
66 42 8799
66 46 8983
66 47 7480
66 48 6262
66 50 8076
66 53 4685
66 57 6593
66 58 7215
66 59 8686
66 61 7404
66 68 658
66 75 1858
66 79 5959
66 81 9953
66 85 4049
66 87 1282
66 91 9815
66 92 5591
66 96 2461
66 97 7094
66 99 4841
67 3 4082
67 11 226
67 14 278
67 17 1469
67 20 786
67 23 4235
67 26 8615
67 27 3669
67 29 5560
67 38 2962
67 39 6653
67 49 7881
67 51 9289
67 54 2126
67 68 3349
67 69 8621
67 73 447
67 74 6633
67 84 3461
67 86 6993
67 87 1299
67 88 2729
67 98 6143
68 1 9615
68 5 5463
68 10 4054
68 13 6331
68 14 4200
68 15 7688
68 17 7010
68 19 9027
68 20 9691
68 21 1864
68 28 8289
68 32 8452
68 34 8339
68 42 8073
68 43 9824
68 44 6542
68 46 4341
68 47 6792
68 50 9671
68 51 501
68 52 6906
68 53 4855
68 54 5761
68 55 1363
68 57 837
68 61 7951
68 63 9197
68 66 658
68 67 3349
68 70 3920
68 73 4546
68 74 9542
68 79 9946
68 82 4174
68 88 5495
68 90 5312
68 94 4289
68 95 2393
68 96 2735
68 98 541
69 1 2458
69 2 1459
69 3 3611
69 5 6897
69 8 1924
69 9 9020
69 12 138
69 14 3982
69 16 3798
69 17 9754
69 18 824
69 24 5845
69 27 4726
69 35 8400
69 39 2116
69 40 7001
69 43 1444
69 56 3183
69 60 9888
69 67 8621
69 73 9709
69 76 3675
69 77 9985
69 87 4568
69 91 3580
69 92 4943
69 94 3594
69 98 861
69 99 3757
70 3 5282
70 5 6625
70 8 6785
70 11 1687
70 13 2004
70 16 6456
70 18 9643
70 19 9464
70 21 2059
70 24 4661
70 26 9183
70 27 8209
70 29 1879
70 34 6228
70 35 3085
70 38 7865
70 39 4720
70 43 4671
70 52 6263
70 53 1671
70 55 1681
70 56 8804
70 59 111
70 61 9061
70 62 7817
70 64 3757
70 65 4179
70 68 3920
70 72 8702
70 78 4683
70 79 4537
70 81 3222
70 82 4383
70 83 7176
70 92 6344
70 96 490
70 97 8937
71 1 1192
71 2 7491
71 13 3726
71 14 9845
71 16 4385
71 23 6159
71 27 602
71 32 7941
71 39 5675
71 42 5228
71 46 5902
71 47 6570
71 48 3861
71 53 5996
71 57 9588
71 59 9668
71 63 4474
71 78 4301
71 79 9877
71 83 8628
71 84 5117
71 87 8864
71 91 7961
71 95 4089
72 3 6342
72 6 6777
72 9 3788
72 18 4302
72 20 6727
72 23 326
72 28 449
72 32 4914
72 36 802
72 39 9064
72 40 3917
72 45 8410
72 49 3054
72 54 3609
72 60 2556
72 61 1181
72 63 8279
72 65 2362
72 70 8702
72 75 6511
72 90 2212
72 96 9745
73 11 8059
73 13 7254
73 25 1682
73 27 7556
73 29 8263
73 31 8410
73 38 5135
73 41 2410
73 44 6741
73 46 208
73 48 1476
73 51 468
73 58 8945
73 60 9518
73 63 5782
73 67 447
73 68 4546
73 69 9709
73 91 1003
73 97 9314
73 99 5274
74 1 9824
74 3 498
74 5 4936
74 6 2197
74 9 9929
74 10 6023
74 14 9925
74 18 9379
74 21 8919
74 26 8834
74 27 2896
74 29 3354
74 38 5474
74 41 9013
74 43 4338
74 50 8368
74 54 8650
74 65 9756
74 67 6633
74 68 9542
74 76 1349
74 79 9009
74 89 9556
74 92 9880
74 94 809
74 97 7131
75 7 7875
75 9 8881
75 12 5385
75 13 4218
75 15 5009
75 17 6038
75 27 8272
75 28 3640
75 29 9059
75 30 1149
75 31 966
75 33 3634
75 37 2932
75 40 119
75 42 7728
75 45 4692
75 51 2004
75 55 7634
75 58 7746
75 60 6437
75 62 8331
75 66 1858
75 72 6511
75 78 4572
75 79 1
75 80 1108
75 85 5075
75 90 468
75 93 3366
75 94 4590
75 95 5572
75 99 8417
76 6 9012
76 11 4148
76 16 7154
76 20 9821
76 22 2657
76 26 7353
76 31 6932
76 34 7958
76 42 7860
76 43 1771
76 46 3815
76 48 2383
76 53 73
76 65 6903
76 69 3675
76 74 1349
76 80 4849
76 82 5861
76 87 5535
76 88 9822
76 89 9834
76 92 5542
76 93 661
77 2 5855
77 3 9324
77 15 9722
77 17 1084
77 19 8437
77 24 6585
77 29 6807
77 33 7986
77 35 3624
77 42 2915
77 44 7564
77 48 8238
77 52 1643
77 55 8187
77 57 286
77 60 7494
77 61 7703
77 65 5078
77 69 9985
77 79 5496
77 80 4280
77 85 5732
77 86 7327
77 87 3561
77 92 4542
77 97 8069
77 98 2293
78 6 1763
78 7 3363
78 12 940
78 13 6174
78 17 5056
78 18 4269
78 20 6903
78 24 6462
78 26 7666
78 28 3459
78 29 2048
78 34 328
78 35 4587
78 36 3497
78 42 4927
78 48 3937
78 52 1068
78 53 17
78 56 547
78 62 6856
78 70 4683
78 71 4301
78 75 4572
78 79 1952
78 80 8792
78 82 7643
78 85 5118
78 91 1591
78 93 5515
78 97 7936
78 98 1765
78 99 91
79 6 8417
79 7 1188
79 10 1726
79 12 9860
79 15 7206
79 18 4886
79 25 1572
79 26 6770
79 27 2140
79 31 8223
79 33 6143
79 34 9550
79 36 7575
79 37 2793
79 38 140
79 41 5359
79 42 4500
79 44 6249
79 49 9316
79 50 6537
79 51 4409
79 52 1350
79 57 5154
79 58 1515
79 61 1529
79 65 774
79 66 5959
79 68 9946
79 70 4537
79 71 9877
79 74 9009
79 75 1
79 77 5496
79 78 1952
79 81 8702
79 83 8247
79 84 408
79 88 19
79 92 1646
79 94 6001
79 97 6310
79 98 8686
79 99 1148
80 1 2744
80 6 7798
80 10 4729
80 11 8243
80 13 6919
80 16 7476
80 17 9545
80 20 6047
80 29 6290
80 31 8584
80 39 3505
80 40 1330
80 46 2359
80 50 4837
80 53 3305
80 57 2040
80 65 831
80 75 1108
80 76 4849
80 77 4280
80 78 8792
80 84 8711
80 93 8159
80 97 3195
80 98 8624
81 3 2410
81 4 2640
81 13 5774
81 19 9501
81 20 8103
81 22 638
81 23 545
81 25 4667
81 27 1529
81 32 8460
81 37 3668
81 38 6588
81 40 4074
81 44 7029
81 46 9873
81 49 1824
81 52 5472
81 55 2207
81 62 2984
81 64 7755
81 66 9953
81 70 3222
81 79 8702
81 85 3359
81 88 661
81 92 1743
81 94 9917
81 96 7609
81 98 2489
82 1 5260
82 3 3840
82 4 3140
82 6 7027
82 7 7813
82 12 1743
82 15 4905
82 18 2637
82 24 8955
82 25 3641
82 26 5444
82 28 1425
82 29 605
82 31 7007
82 32 6312
82 37 6102
82 41 3064
82 46 3233
82 47 3272
82 52 844
82 54 4007
82 60 4964
82 63 1744
82 64 5316
82 68 4174
82 70 4383
82 76 5861
82 78 7643
83 1 6298
83 6 4167
83 10 5790
83 11 8849
83 22 8183
83 23 3363
83 26 575
83 30 1184
83 43 5576
83 46 7234
83 49 6375
83 52 1292
83 54 4209
83 57 4313
83 64 1038
83 70 7176
83 71 8628
83 79 8247
83 86 3532
83 87 1895
83 92 2384
83 96 3863
84 1 9857
84 2 4854
84 3 8992
84 4 4007
84 5 2481
84 8 1042
84 9 8119
84 10 1521
84 19 8834
84 21 7238
84 23 7799
84 25 5480
84 26 7325
84 33 5467
84 34 6711
84 38 1130
84 41 7758
84 44 8516
84 49 9609
84 56 7058
84 58 4381
84 59 9638
84 61 2722
84 62 7675
84 67 3461
84 71 5117
84 79 408
84 80 8711
84 92 5109
84 93 8110
84 96 7738
85 6 6456
85 9 2315
85 10 8180
85 11 2001
85 12 6115
85 14 2626
85 19 5202
85 20 3035
85 22 7457
85 23 9115
85 25 5233
85 26 8337
85 34 1674
85 36 5582
85 38 2902
85 39 3979
85 45 821
85 47 3442
85 49 9791
85 52 8557
85 55 2061
85 57 3965
85 59 3912
85 60 4110
85 66 4049
85 75 5075
85 77 5732
85 78 5118
85 81 3359
85 87 4735
85 88 6788
85 92 528
85 97 5945
86 6 5691
86 9 1548
86 14 9104
86 15 6643
86 17 6545
86 25 6229
86 26 7402
86 27 5727
86 28 3507
86 34 10000
86 36 9880
86 40 8403
86 48 1028
86 50 7028
86 51 8117
86 53 514
86 56 5747
86 67 6993
86 77 7327
86 83 3532
86 89 5853
86 99 1035
87 3 4223
87 4 9280
87 10 7611
87 14 5529
87 19 7971
87 23 6029
87 28 4833
87 29 3996
87 30 846
87 34 8330
87 38 6860
87 42 3472
87 49 1736
87 52 5668
87 53 6509
87 54 2293
87 59 7818
87 62 6346
87 64 3022
87 66 1282
87 67 1299
87 69 4568
87 71 8864
87 76 5535
87 77 3561
87 83 1895
87 85 4735
87 92 9601
87 96 8230
87 97 9479
87 98 67
88 2 5356
88 9 8790
88 12 1309
88 17 5571
88 22 8738
88 25 5279
88 27 9712
88 30 5788
88 31 5481
88 32 9734
88 34 911
88 41 1276
88 46 1316
88 47 4024
88 48 5634
88 54 2985
88 58 8549
88 62 909
88 63 5505
88 67 2729
88 68 5495
88 76 9822
88 79 19
88 81 661
88 85 6788
88 90 1652
88 91 7661
88 93 4987
88 96 6350
89 5 1168
89 6 948
89 11 7287
89 13 8769
89 14 3762
89 17 4759
89 22 3613
89 23 5296
89 24 7899
89 25 8715
89 34 858
89 35 8564
89 37 5189
89 42 9159
89 43 709
89 48 9589
89 50 9743
89 62 9087
89 74 9556
89 76 9834
89 86 5853
89 90 7104
89 91 6685
89 94 7868
89 95 7154
90 1 6865
90 2 516
90 7 3812
90 18 605
90 26 9524
90 28 1807
90 31 1658
90 33 8516
90 34 9017
90 38 8195
90 52 3182
90 56 1703
90 61 684
90 63 4026
90 65 5582
90 68 5312
90 72 2212
90 75 468
90 88 1652
90 89 7104
90 91 7676
90 95 3950
90 96 7770
91 1 3891
91 20 6413
91 23 3088
91 28 4446
91 33 9038
91 43 8507
91 46 6324
91 47 5998
91 52 8011
91 53 9292
91 55 7670
91 62 713
91 63 3710
91 65 4330
91 66 9815
91 69 3580
91 71 7961
91 73 1003
91 78 1591
91 88 7661
91 89 6685
91 90 7676
91 92 1927
91 96 7036
91 99 8314
92 15 4995
92 20 1026
92 22 2477
92 23 2869
92 24 5610
92 25 7541
92 27 7153
92 28 744
92 43 8385
92 48 1595
92 49 6835
92 50 5489
92 52 5325
92 53 3962
92 54 4235
92 59 8753
92 61 1059
92 63 4608
92 66 5591
92 69 4943
92 70 6344
92 74 9880
92 76 5542
92 77 4542
92 79 1646
92 81 1743
92 83 2384
92 84 5109
92 85 528
92 87 9601
92 91 1927
92 93 9371
92 94 8715
92 97 2114
93 6 1626
93 9 1892
93 15 3817
93 27 8897
93 29 4137
93 33 7866
93 36 8239
93 37 6225
93 39 1846
93 40 2355
93 42 5012
93 43 2142
93 47 1901
93 48 6721
93 50 9273
93 53 9310
93 54 3028
93 56 3385
93 58 4612
93 59 2717
93 62 2476
93 63 6163
93 75 3366
93 76 661
93 78 5515
93 80 8159
93 84 8110
93 88 4987
93 92 9371
93 96 6546
93 97 8524
93 98 8472
94 7 1671
94 8 3385
94 14 6075
94 19 1036
94 23 9382
94 24 8666
94 28 9722
94 29 5756
94 33 6470
94 34 8831
94 41 383
94 42 9697
94 45 1145
94 48 3188
94 54 2710
94 57 6896
94 63 4934
94 68 4289
94 69 3594
94 74 809
94 75 4590
94 79 6001
94 81 9917
94 89 7868
94 92 8715
94 95 6392
95 4 4918
95 5 5953
95 10 8982
95 13 1588
95 14 6734
95 16 6753
95 17 2887
95 20 9443
95 24 2679
95 31 3833
95 37 7997
95 40 9948
95 41 6455
95 45 7009
95 48 3845
95 53 9178
95 60 2759
95 64 3541
95 68 2393
95 71 4089
95 75 5572
95 89 7154
95 90 3950
95 94 6392
95 98 4941
96 4 7574
96 10 5732
96 14 2194
96 18 7215
96 19 6588
96 20 3726
96 24 8588
96 30 1548
96 34 2514
96 37 324
96 38 8735
96 44 7052
96 48 972
96 53 3420
96 56 2397
96 61 5835
96 63 1068
96 65 4645
96 66 2461
96 68 2735
96 70 490
96 72 9745
96 81 7609
96 83 3863
96 84 7738
96 87 8230
96 88 6350
96 90 7770
96 91 7036
96 93 6546
97 1 8544
97 7 7660
97 12 7882
97 13 6545
97 16 1324
97 18 6071
97 20 3680
97 21 499
97 28 296
97 32 6
97 37 6012
97 41 1610
97 42 7401
97 47 1220
97 50 726
97 54 742
97 55 2426
97 56 7446
97 62 9433
97 64 8277
97 66 7094
97 70 8937
97 73 9314
97 74 7131
97 77 8069
97 78 7936
97 79 6310
97 80 3195
97 85 5945
97 87 9479
97 92 2114
97 93 8524
97 98 767
97 99 2583
98 11 1206
98 17 2359
98 19 9344
98 21 6899
98 22 1632
98 24 4289
98 27 7149
98 30 7158
98 32 4961
98 34 3275
98 35 3342
98 36 3329
98 46 5271
98 47 9759
98 54 1792
98 56 623
98 63 6101
98 67 6143
98 68 541
98 69 861
98 77 2293
98 78 1765
98 79 8686
98 80 8624
98 81 2489
98 87 67
98 93 8472
98 95 4941
98 97 767
98 99 9772
5 t 5761
10 t 7333
12 t 9520
14 t 4519
20 t 5203
21 t 9947
22 t 6416
23 t 8722
25 t 8920
27 t 5814
28 t 9017
29 t 2163
31 t 5117
35 t 1334
39 t 7722
42 t 4046
53 t 6525
54 t 8227
66 t 4841
69 t 3757
73 t 5274
75 t 8417
78 t 91
79 t 1148
86 t 1035
91 t 8314
97 t 2583
98 t 9772
