s 4 8082
s 5 9217
s 10 4044
s 17 4494
s 19 5863
s 24 2814
s 25 7705
s 26 6762
s 30 2824
s 32 6741
s 33 7870
s 36 9541
s 41 7202
s 45 3196
s 51 9145
s 54 6353
s 57 3996
s 62 9673
s 63 3186
s 64 3246
s 67 4994
s 70 7507
s 75 5075
s 76 5649
s 78 7719
s 84 4513
s 85 7263
s 87 2762
s 88 6301
s 89 9702
s 90 8989
s 95 7395
s 96 6097
s 97 9811
s 99 5582
1 2 9317
1 5 2013
1 6 2522
1 11 3846
1 12 8356
1 15 7206
1 16 3301
1 17 5896
1 18 3864
1 24 6674
1 25 8271
1 29 6620
1 30 8243
1 31 4501
1 33 7082
1 38 3751
1 43 9954
1 45 6349
1 51 7771
1 52 3957
1 54 2903
1 61 4975
1 66 2581
1 67 9383
1 68 9383
1 69 7949
1 71 4416
1 72 2220
1 74 2565
1 76 3284
1 77 4478
1 82 5468
1 89 2186
1 93 9285
1 99 9679
2 1 9317
2 3 2554
2 4 9070
2 11 3483
2 14 5001
2 16 6182
2 19 6154
2 25 6688
2 26 5741
2 27 7649
2 29 4267
2 31 7987
2 34 6698
2 36 2189
2 37 5833
2 41 2532
2 45 4687
2 52 9272
2 53 6397
2 55 2033
2 56 9412
2 60 8822
2 62 8065
2 66 3194
2 68 2702
2 77 7327
2 78 6484
2 83 7262
2 84 6350
2 86 4642
2 87 2026
2 96 7480
2 98 9629
3 2 2554
3 7 3270
3 9 6744
3 10 6738
3 16 8761
3 19 9544
3 22 8539
3 28 4112
3 30 6233
3 31 8575
3 32 6652
3 34 5917
3 35 6192
3 37 2636
3 38 7389
3 39 5333
3 41 7973
3 42 2918
3 43 6168
3 47 9291
3 49 2882
3 50 2618
3 53 6543
3 56 5633
3 57 2987
3 58 8637
3 61 6973
3 66 6440
3 68 3206
3 70 9437
3 80 3328
3 83 7536
3 84 4436
3 85 5792
3 87 6505
3 91 9246
3 93 3148
3 96 2780
3 98 4063
4 2 9070
4 6 9046
4 11 8723
4 14 4326
4 16 7290
4 18 9194
4 22 8635
4 23 2123
4 24 7364
4 28 4749
4 31 4803
4 33 6122
4 34 3277
4 35 5943
4 36 2516
4 38 5772
4 39 8709
4 40 6818
4 47 9350
4 50 5825
4 51 2828
4 53 5650
4 58 5522
4 59 5478
4 61 2955
4 63 7254
4 64 8844
4 67 9338
4 72 4859
4 75 9553
4 77 5771
4 78 3756
4 81 2719
4 84 7022
4 86 2880
4 90 8674
5 1 2013
5 7 9974
5 11 8988
5 17 4466
5 19 2221
5 23 9784
5 27 5578
5 30 6808
5 31 8091
5 40 3363
5 45 2016
5 47 6636
5 49 8948
5 57 6107
5 60 7941
5 69 5234
5 74 6260
5 78 7560
5 80 8635
5 81 7264
5 88 5631
5 90 3927
5 91 9394
5 92 8852
5 96 7221
5 97 5746
6 1 2522
6 4 9046
6 18 7725
6 19 5614
6 20 6596
6 24 6143
6 30 8599
6 32 8132
6 38 8097
6 39 7253
6 40 9212
6 42 9701
6 43 5123
6 45 7678
6 46 7638
6 47 8100
6 52 8998
6 60 2642
6 61 7797
6 62 4935
6 64 2991
6 67 4335
6 70 5690
6 71 6357
6 77 4360
6 79 9279
6 83 9080
6 84 8189
6 85 4980
6 87 2315
6 92 4127
6 94 7263
6 98 2832
7 3 3270
7 5 9974
7 9 7233
7 17 3321
7 22 3648
7 24 7751
7 25 6958
7 27 5018
7 28 5143
7 31 2075
7 34 5258
7 38 3744
7 41 5287
7 47 4453
7 50 3625
7 54 6561
7 56 9308
7 57 9950
7 58 2338
7 60 8258
7 62 9065
7 64 5252
7 69 8002
7 71 6909
7 75 2958
7 76 8465
7 77 9465
7 84 3898
7 86 9639
7 87 7431
7 90 4824
7 91 7497
7 95 2489
7 97 7518
7 99 5581
8 10 5014
8 11 5480
8 22 7873
8 24 5880
8 25 5102
8 27 4331
8 30 3105
8 31 8760
8 32 2676
8 33 8690
8 36 9957
8 38 6587
8 43 8818
8 48 9514
8 50 4873
8 54 3354
8 58 5161
8 67 6633
8 68 5584
8 75 4050
8 76 6130
8 79 2752
8 80 6335
8 82 5396
8 92 4528
8 94 8757
8 99 9994
9 3 6744
9 7 7233
9 10 4882
9 11 8819
9 18 3966
9 20 3293
9 25 8284
9 26 4934
9 27 4475
9 35 4435
9 37 8626
9 40 2808
9 45 8040
9 47 4036
9 54 5762
9 66 5641
9 68 3937
9 70 2237
9 72 8662
9 75 5512
9 78 8012
9 82 6142
9 84 5665
9 88 5414
9 89 2340
9 94 3515
9 97 6392
9 99 6819
10 3 6738
10 8 5014
10 9 4882
10 12 3751
10 18 6013
10 21 5688
10 22 4942
10 24 9851
10 32 5376
10 40 6239
10 41 3579
10 47 3628
10 49 3067
10 56 5142
10 58 4528
10 59 9540
10 61 2746
10 63 8078
10 65 9979
10 70 2515
10 72 4247
10 75 4805
10 78 8506
10 81 6699
10 84 5432
10 85 6600
10 86 2335
10 88 9624
10 89 8381
11 1 3846
11 2 3483
11 4 8723
11 5 8988
11 8 5480
11 9 8819
11 12 6378
11 15 5930
11 17 2966
11 18 7041
11 22 2842
11 23 9556
11 27 3119
11 40 4962
11 42 2986
11 43 9104
11 44 6289
11 48 5786
11 49 3586
11 52 5971
11 53 7610
11 61 3601
11 68 3756
11 70 3408
11 71 4777
11 74 9444
11 76 5072
11 78 8372
11 80 5139
11 81 6109
11 84 8921
11 89 6547
11 95 9152
11 96 5732
12 1 8356
12 10 3751
12 11 6378
12 14 8334
12 15 3598
12 17 6011
12 18 7395
12 19 2852
12 20 3861
12 26 4308
12 27 5781
12 29 9005
12 34 2606
12 40 4173
12 41 4696
12 48 3379
12 54 7212
12 56 6236
12 61 7902
12 62 3895
12 63 3294
12 66 7172
12 68 6872
12 69 6883
12 73 2500
12 77 6804
12 82 7163
12 86 2226
12 87 4250
12 92 9780
12 93 6467
12 96 3733
13 18 4849
13 24 5393
13 25 7788
13 30 5777
13 31 4733
13 33 8036
13 35 3304
13 36 6707
13 37 4177
13 41 4666
13 42 9996
13 48 7658
13 51 6982
13 52 5504
13 58 6318
13 59 2835
13 61 3737
13 64 7540
13 66 5927
13 67 6783
13 69 3779
13 75 8752
13 76 2596
13 77 6989
13 81 4204
13 86 7751
13 90 9816
13 96 6730
14 2 5001
14 4 4326
14 12 8334
14 26 7316
14 30 7845
14 38 6417
14 40 6366
14 41 9804
14 42 7185
14 44 4446
14 47 4024
14 49 4059
14 52 6474
14 53 3871
14 55 8052
14 59 4324
14 60 2233
14 61 2263
14 64 7680
14 74 8642
14 79 4459
14 80 8190
14 82 8195
14 88 7811
15 1 7206
15 11 5930
15 12 3598
15 17 9009
15 18 3943
15 19 7816
15 26 8332
15 30 4043
15 34 3164
15 38 2356
15 39 2472
15 41 6275
15 43 4220
15 47 3334
15 49 3346
15 56 5613
15 63 4718
15 66 8373
15 69 8437
15 70 7267
15 71 4008
15 73 5536
15 74 2314
15 79 2970
15 80 8547
15 83 3736
15 86 9919
15 91 7171
15 92 6815
15 96 4216
16 1 3301
16 2 6182
16 3 8761
16 4 7290
16 20 5813
16 30 4010
16 32 5775
16 41 3301
16 44 8785
16 47 7078
16 48 5642
16 50 5519
16 55 3178
16 57 8720
16 58 5433
16 61 9034
16 64 2213
16 68 8468
16 69 4460
16 70 6269
16 83 9912
16 87 8490
16 88 6370
16 89 2128
16 93 6592
16 97 6569
17 1 5896
17 5 4466
17 7 3321
17 11 2966
17 12 6011
17 15 9009
17 25 4121
17 28 8852
17 31 5636
17 34 6190
17 36 4689
17 37 2098
17 48 4255
17 50 9535
17 51 4365
17 55 8894
17 57 9777
17 58 5579
17 62 4229
17 71 2134
17 76 4066
17 80 5433
17 84 4830
17 85 4313
17 87 7625
17 89 9038
17 90 8587
17 91 7493
17 92 4826
17 94 6893
17 96 2948
17 99 7463
18 1 3864
18 4 9194
18 6 7725
18 9 3966
18 10 6013
18 11 7041
18 12 7395
18 13 4849
18 15 3943
18 21 7927
18 23 6634
18 30 2210
18 40 3970
18 42 4672
18 46 2385
18 49 5618
18 51 3448
18 59 5468
18 68 7883
18 85 2611
18 86 4196
18 87 2656
18 94 8558
18 96 8690
18 97 6967
18 98 6276
19 2 6154
19 3 9544
19 5 2221
19 6 5614
19 12 2852
19 15 7816
19 22 5567
19 24 9363
19 25 2892
19 27 8709
19 33 5048
19 36 7199
19 37 4337
19 38 4795
19 39 9672
19 41 2639
19 43 9537
19 49 8972
19 51 3117
19 54 3873
19 57 6969
19 58 4215
19 59 4913
19 63 3176
19 64 8470
19 68 6683
19 69 4048
19 75 7491
19 83 2762
19 87 5284
19 91 7484
19 92 9348
19 93 2743
19 94 5315
20 6 6596
20 9 3293
20 12 3861
20 16 5813
20 21 5023
20 23 4023
20 24 9954
20 25 4256
20 27 6502
20 30 3650
20 35 5299
20 38 4361
20 45 8826
20 49 7041
20 54 2983
20 59 7827
20 61 2151
20 62 2547
20 67 9630
20 72 2872
20 74 6498
20 79 4068
20 80 8174
20 81 6966
20 82 8596
20 83 8561
20 93 6348
20 95 2028
20 96 9422
20 97 2593
20 98 8495
21 10 5688
21 18 7927
21 20 5023
21 27 8487
21 28 6078
21 29 7111
21 31 6122
21 32 5472
21 34 9362
21 42 3406
21 47 3972
21 49 3727
21 52 2705
21 54 6401
21 55 4356
21 56 9501
21 59 6765
21 61 2427
21 62 3921
21 67 9388
21 69 9714
21 70 4245
21 75 7701
21 78 4404
21 82 7445
21 85 4680
21 86 4840
22 3 8539
22 4 8635
22 7 3648
22 8 7873
22 10 4942
22 11 2842
22 19 5567
22 24 6608
22 28 9590
22 29 2363
22 31 9448
22 36 9791
22 40 9256
22 43 5334
22 48 4812
22 51 2333
22 52 7462
22 54 3480
22 60 8325
22 61 7356
22 62 4754
22 65 8496
22 71 9544
22 77 4231
22 81 8568
22 83 5396
22 89 3728
22 90 2071
22 92 5740
23 4 2123
23 5 9784
23 11 9556
23 18 6634
23 20 4023
23 26 2860
23 27 9853
23 28 2239
23 29 4017
23 31 3088
23 32 8982
23 39 6611
23 41 9517
23 43 4913
23 44 8526
23 50 4742
23 53 4376
23 54 2631
23 57 4267
23 58 9242
23 63 7784
23 65 5783
23 69 4118
23 72 2974
23 78 5120
23 79 4258
23 81 3750
23 82 9150
23 92 5270
23 96 5658
24 1 6674
24 4 7364
24 6 6143
24 7 7751
24 8 5880
24 10 9851
24 13 5393
24 19 9363
24 20 9954
24 22 6608
24 30 4487
24 40 2388
24 43 4638
24 47 8600
24 48 4818
24 52 4923
24 57 3308
24 64 7692
24 71 5492
24 74 2944
24 75 7497
24 81 5564
24 82 5406
24 84 9987
24 85 6561
24 87 4641
24 89 3959
24 91 8917
24 93 6936
24 94 2702
24 95 7164
24 99 3919
25 1 8271
25 2 6688
25 7 6958
25 8 5102
25 9 8284
25 13 7788
25 17 4121
25 19 2892
25 20 4256
25 27 7386
25 29 2991
25 31 5544
25 36 6947
25 40 4484
25 45 4984
25 48 7603
25 50 5018
25 61 7586
25 65 2344
25 66 8285
25 72 9707
25 77 6806
25 78 5436
25 79 6482
25 85 8726
25 91 6591
25 99 2646
26 2 5741
26 9 4934
26 12 4308
26 14 7316
26 15 8332
26 23 2860
26 31 9958
26 33 3672
26 37 8746
26 41 9442
26 42 6417
26 43 5524
26 46 3497
26 48 3802
26 49 5131
26 50 8511
26 55 5355
26 56 4276
26 60 2331
26 61 6422
26 63 5003
26 64 9738
26 65 9076
26 66 4071
26 69 8449
26 72 4100
26 73 2911
26 75 5887
26 77 4012
26 78 7037
26 84 5210
26 89 9096
26 90 8790
26 93 3615
26 96 5701
26 97 5093
26 98 9015
26 99 7722
27 2 7649
27 5 5578
27 7 5018
27 8 4331
27 9 4475
27 11 3119
27 12 5781
27 19 8709
27 20 6502
27 21 8487
27 23 9853
27 25 7386
27 31 4098
27 35 3305
27 38 2111
27 45 7846
27 50 7207
27 52 3511
27 53 4820
27 55 4530
27 62 4233
27 64 3446
27 67 4601
27 71 9614
27 75 9282
27 80 8944
27 82 8384
27 89 4727
27 90 2866
27 94 6105
27 96 6678
27 97 6906
27 98 4143
28 3 4112
28 4 4749
28 7 5143
28 17 8852
28 21 6078
28 22 9590
28 23 2239
28 31 3432
28 33 9344
28 36 3135
28 38 4371
28 39 2704
28 41 4574
28 44 5809
28 51 3528
28 56 6525
28 58 9827
28 64 4996
28 67 6130
28 69 5336
28 70 6939
28 72 4630
28 76 3941
28 77 4902
28 83 2151
28 85 4575
28 87 6332
28 88 3832
28 90 2982
28 91 5528
28 92 2467
28 96 7343
29 1 6620
29 2 4267
29 12 9005
29 21 7111
29 22 2363
29 23 4017
29 25 2991
29 32 2525
29 33 5575
29 38 8511
29 39 3520
29 41 3058
29 44 7909
29 53 5524
29 62 7132
29 69 2278
29 70 3127
29 72 6127
29 75 6493
29 77 6368
29 78 8116
29 79 2653
29 82 8235
29 83 4273
29 84 9831
29 86 3873
29 87 7828
29 88 3510
29 90 9306
29 91 4452
29 94 8443
30 1 8243
30 3 6233
30 5 6808
30 6 8599
30 8 3105
30 13 5777
30 14 7845
30 15 4043
30 16 4010
30 18 2210
30 20 3650
30 24 4487
30 31 2574
30 33 6615
30 35 2962
30 37 9550
30 38 5999
30 43 7564
30 47 9442
30 51 2412
30 59 4132
30 60 9149
30 61 7834
30 62 7579
30 68 9243
30 69 6755
30 70 4071
30 73 4272
30 74 8925
30 76 8557
30 78 5935
30 84 6816
30 86 2181
30 88 5665
30 89 4346
30 92 9267
30 94 2017
30 96 9599
30 97 6552
30 99 4515
31 1 4501
31 2 7987
31 3 8575
31 4 4803
31 5 8091
31 7 2075
31 8 8760
31 13 4733
31 17 5636
31 21 6122
31 22 9448
31 23 3088
31 25 5544
31 26 9958
31 27 4098
31 28 3432
31 30 2574
31 40 8082
31 43 2787
31 46 9861
31 47 4011
31 48 6986
31 53 3822
31 54 6148
31 55 7793
31 68 7992
31 71 6554
31 74 2864
31 75 5990
31 76 7422
31 81 4136
31 88 6805
31 93 3960
32 3 6652
32 6 8132
32 8 2676
32 10 5376
32 16 5775
32 21 5472
32 23 8982
32 29 2525
32 36 2463
32 37 9611
32 38 5687
32 39 2228
32 48 3070
32 51 4745
32 52 6534
32 54 4511
32 55 8664
32 56 9827
32 59 9598
32 61 3839
32 63 9556
32 69 8494
32 79 2384
32 80 6183
32 81 8869
32 86 9229
32 87 9313
32 88 8721
32 89 6380
32 92 3068
32 97 7085
33 1 7082
33 4 6122
33 8 8690
33 13 8036
33 19 5048
33 26 3672
33 28 9344
33 29 5575
33 30 6615
33 34 6192
33 38 5468
33 39 5999
33 40 6554
33 41 3971
33 43 7670
33 51 5773
33 55 8620
33 72 8787
33 73 4473
33 81 3190
33 87 6680
33 88 4697
33 96 2934
33 98 4249
34 2 6698
34 3 5917
34 4 3277
34 7 5258
34 12 2606
34 15 3164
34 17 6190
34 21 9362
34 33 6192
34 35 9726
34 43 3923
34 44 6886
34 45 8308
34 46 6632
34 47 2979
34 49 6767
34 50 3847
34 51 2633
34 52 8403
34 55 2976
34 57 4936
34 59 5509
34 67 9440
34 68 6848
34 69 3567
34 70 9015
34 72 8878
34 76 4261
34 80 4271
34 82 4266
34 84 7939
34 85 5594
34 88 3689
34 90 2777
34 95 4669
34 96 3980
34 99 7958
35 3 6192
35 4 5943
35 9 4435
35 13 3304
35 20 5299
35 27 3305
35 30 2962
35 34 9726
35 38 5840
35 40 9932
35 41 8224
35 45 9890
35 50 6607
35 53 2605
35 56 4915
35 57 3502
35 62 7374
35 68 7735
35 72 7317
35 74 4146
35 77 8230
35 78 8362
35 82 8106
35 83 6457
35 87 9191
35 96 4047
36 2 2189
36 4 2516
36 8 9957
36 13 6707
36 17 4689
36 19 7199
36 22 9791
36 25 6947
36 28 3135
36 32 2463
36 37 3979
36 41 9284
36 42 8164
36 46 8609
36 47 5969
36 48 3648
36 53 3797
36 55 2907
36 57 4554
36 61 2137
36 62 9212
36 80 4303
36 84 5979
36 87 8677
36 89 4863
36 90 7346
36 91 2542
36 97 9623
37 2 5833
37 3 2636
37 9 8626
37 13 4177
37 17 2098
37 19 4337
37 26 8746
37 30 9550
37 32 9611
37 36 3979
37 40 8095
37 41 2188
37 44 5903
37 48 8303
37 49 9903
37 50 2830
37 51 7254
37 53 3068
37 57 6905
37 59 6727
37 61 8376
37 71 5261
37 73 3043
37 76 2750
37 80 5441
37 83 3819
37 84 8888
37 88 2508
37 93 4111
37 94 4972
37 99 4582
38 1 3751
38 3 7389
38 4 5772
38 6 8097
38 7 3744
38 8 6587
38 14 6417
38 15 2356
38 19 4795
38 20 4361
38 27 2111
38 28 4371
38 29 8511
38 30 5999
38 32 5687
38 33 5468
38 35 5840
38 43 5353
38 45 2600
38 47 9576
38 51 8397
38 55 4508
38 57 6119
38 61 3138
38 63 4088
38 70 2969
38 72 4075
38 73 3690
38 78 4426
38 81 9659
38 84 2433
38 89 8741
38 92 3480
38 95 3885
38 97 6840
38 98 2026
39 3 5333
39 4 8709
39 6 7253
39 15 2472
39 19 9672
39 23 6611
39 28 2704
39 29 3520
39 32 2228
39 33 5999
39 42 4232
39 48 2506
39 55 6973
39 57 9517
39 63 6506
39 66 8896
39 69 6190
39 74 4534
39 75 4804
39 85 2003
39 90 5380
39 92 4254
39 96 9183
39 99 2321
40 4 6818
40 5 3363
40 6 9212
40 9 2808
40 10 6239
40 11 4962
40 12 4173
40 14 6366
40 18 3970
40 22 9256
40 24 2388
40 25 4484
40 31 8082
40 33 6554
40 35 9932
40 37 8095
40 41 5491
40 45 7444
40 49 3915
40 50 6127
40 51 6506
40 55 8327
40 56 2402
40 61 8538
40 65 2111
40 66 8449
40 68 5575
40 69 9839
40 73 6593
40 75 9020
40 79 7135
40 80 9140
40 85 7087
40 95 4164
40 96 7095
40 99 5004
41 2 2532
41 3 7973
41 7 5287
41 10 3579
41 12 4696
41 13 4666
41 14 9804
41 15 6275
41 16 3301
41 19 2639
41 23 9517
41 26 9442
41 28 4574
41 29 3058
41 33 3971
41 35 8224
41 36 9284
41 37 2188
41 40 5491
41 42 2328
41 44 6018
41 45 9328
41 47 8403
41 49 5160
41 52 9955
41 54 3254
41 60 7725
41 63 9837
41 65 8421
41 67 7944
41 71 9183
41 72 2850
41 73 5890
41 76 7853
41 85 6797
41 92 6068
41 98 5133
42 3 2918
42 6 9701
42 11 2986
42 13 9996
42 14 7185
42 18 4672
42 21 3406
42 26 6417
42 36 8164
42 39 4232
42 41 2328
42 43 2756
42 47 3271
42 48 9664
42 49 5300
42 53 4287
42 54 2675
42 59 7357
42 60 8378
42 64 4546
42 67 8710
42 68 7368
42 69 9407
42 71 4647
42 72 8149
42 85 6227
42 86 7674
42 91 3275
42 94 8344
42 96 2769
43 1 9954
43 3 6168
43 6 5123
43 8 8818
43 11 9104
43 15 4220
43 19 9537
43 22 5334
43 23 4913
43 24 4638
43 26 5524
43 30 7564
43 31 2787
43 33 7670
43 34 3923
43 38 5353
43 42 2756
43 44 2553
43 45 9328
43 48 2548
43 53 3351
43 56 3447
43 60 8029
43 61 6752
43 62 7192
43 63 4842
43 66 8979
43 69 3597
43 73 9266
43 75 7616
43 77 4991
43 78 2482
43 81 4713
43 82 2962
43 85 3681
43 89 5000
43 98 6780
44 11 6289
44 14 4446
44 16 8785
44 23 8526
44 28 5809
44 29 7909
44 34 6886
44 37 5903
44 41 6018
44 43 2553
44 47 2771
44 49 4749
44 54 8436
44 56 3046
44 59 5340
44 61 2935
44 62 2365
44 63 3389
44 70 8449
44 72 7610
44 77 4951
44 78 5378
44 79 4108
44 88 2600
44 92 8685
44 95 3001
44 97 2537
45 1 6349
45 2 4687
45 5 2016
45 6 7678
45 9 8040
45 20 8826
45 25 4984
45 27 7846
45 34 8308
45 35 9890
45 38 2600
45 40 7444
45 41 9328
45 43 9328
45 49 7040
45 50 8786
45 52 3914
45 66 8006
45 70 7782
45 71 2313
45 72 3365
45 73 7612
45 74 2673
45 75 2098
45 82 2630
45 90 5625
45 91 9588
45 95 3986
45 98 6455
46 6 7638
46 18 2385
46 26 3497
46 31 9861
46 34 6632
46 36 8609
46 53 7694
46 54 8821
46 57 8600
46 64 5587
46 68 8508
46 70 7869
46 74 7954
46 75 9452
46 76 3885
46 77 3059
46 86 2087
46 89 4572
46 95 6476
47 3 9291
47 4 9350
47 5 6636
47 6 8100
47 7 4453
47 9 4036
47 10 3628
47 14 4024
47 15 3334
47 16 7078
47 21 3972
47 24 8600
47 30 9442
47 31 4011
47 34 2979
47 36 5969
47 38 9576
47 41 8403
47 42 3271
47 44 2771
47 49 7539
47 54 5914
47 58 5995
47 63 3779
47 66 9220
47 68 2821
47 74 7889
47 75 4377
47 77 2001
47 80 3625
47 84 3149
47 87 3809
47 93 4066
47 94 3987
47 95 8820
47 98 6961
47 99 3640
48 8 9514
48 11 5786
48 12 3379
48 13 7658
48 16 5642
48 17 4255
48 22 4812
48 24 4818
48 25 7603
48 26 3802
48 31 6986
48 32 3070
48 36 3648
48 37 8303
48 39 2506
48 42 9664
48 43 2548
48 49 6017
48 56 9023
48 58 5213
48 64 8054
48 66 2508
48 78 2510
48 79 3827
48 80 6977
48 82 2711
48 83 3969
48 84 3578
48 87 7717
48 91 4811
48 99 3759
49 3 2882
49 5 8948
49 10 3067
49 11 3586
49 14 4059
49 15 3346
49 18 5618
49 19 8972
49 20 7041
49 21 3727
49 26 5131
49 34 6767
49 37 9903
49 40 3915
49 41 5160
49 42 5300
49 44 4749
49 45 7040
49 47 7539
49 48 6017
49 50 7426
49 55 5132
49 59 6627
49 64 7796
49 66 5007
49 69 5060
49 70 7804
49 74 5587
49 78 6274
49 79 3175
49 80 4126
49 82 9969
49 86 9767
49 88 3959
49 89 2725
49 93 8947
50 3 2618
50 4 5825
50 7 3625
50 8 4873
50 16 5519
50 17 9535
50 23 4742
50 25 5018
50 26 8511
50 27 7207
50 34 3847
50 35 6607
50 37 2830
50 40 6127
50 45 8786
50 49 7426
50 55 5627
50 57 8579
50 58 6027
50 59 6865
50 62 8776
50 68 6149
50 74 8420
50 79 6093
50 80 3302
50 85 2152
50 92 5731
50 95 4196
50 99 3251
51 1 7771
51 4 2828
51 13 6982
51 17 4365
51 18 3448
51 19 3117
51 22 2333
51 28 3528
51 30 2412
51 32 4745
51 33 5773
51 34 2633
51 37 7254
51 38 8397
51 40 6506
51 58 5275
51 59 9374
51 63 4638
51 64 3462
51 65 6561
51 70 7735
51 71 5177
51 77 9400
51 80 3189
51 81 6019
51 82 8019
51 88 3262
51 89 3906
51 91 5185
51 93 6226
51 95 8163
51 97 6055
51 98 4060
52 1 3957
52 2 9272
52 6 8998
52 11 5971
52 13 5504
52 14 6474
52 21 2705
52 22 7462
52 24 4923
52 27 3511
52 32 6534
52 34 8403
52 41 9955
52 45 3914
52 59 6081
52 60 6168
52 64 5964
52 66 9912
52 68 7900
52 71 4346
52 74 7329
52 75 4226
52 77 3587
52 84 6135
52 86 7053
52 88 7741
52 90 3735
52 91 2072
52 92 9581
52 98 8462
52 99 8530
53 2 6397
53 3 6543
53 4 5650
53 11 7610
53 14 3871
53 23 4376
53 27 4820
53 29 5524
53 31 3822
53 35 2605
53 36 3797
53 37 3068
53 42 4287
53 43 3351
53 46 7694
53 54 4013
53 55 8512
53 56 9402
53 66 2490
53 67 9656
53 71 2669
53 72 5372
53 74 7255
53 75 9232
53 79 2249
53 83 4083
53 85 3621
53 86 8887
53 87 9666
53 96 2396
53 98 3151
54 1 2903
54 7 6561
54 8 3354
54 9 5762
54 12 7212
54 19 3873
54 20 2983
54 21 6401
54 22 3480
54 23 2631
54 31 6148
54 32 4511
54 41 3254
54 42 2675
54 44 8436
54 46 8821
54 47 5914
54 53 4013
54 57 8049
54 63 3515
54 66 6083
54 67 6980
54 70 8693
54 73 7330
54 78 5139
54 81 7035
54 82 7908
54 86 5972
54 90 7700
54 92 9645
54 96 7637
54 97 8329
55 2 2033
55 14 8052
55 16 3178
55 17 8894
55 21 4356
55 26 5355
55 27 4530
55 31 7793
55 32 8664
55 33 8620
55 34 2976
55 36 2907
55 38 4508
55 39 6973
55 40 8327
55 49 5132
55 50 5627
55 53 8512
55 59 6875
55 66 4430
55 68 7171
55 71 2421
55 75 6960
55 76 3799
55 78 3128
55 82 4072
55 83 8020
55 85 6386
55 87 9707
55 88 2068
55 91 7772
55 95 6702
55 97 3204
55 98 2013
56 2 9412
56 3 5633
56 7 9308
56 10 5142
56 12 6236
56 15 5613
56 21 9501
56 26 4276
56 28 6525
56 32 9827
56 35 4915
56 40 2402
56 43 3447
56 44 3046
56 48 9023
56 53 9402
56 59 9077
56 61 8256
56 62 4785
56 72 5557
56 73 6556
56 77 2386
56 78 5610
56 80 7651
56 81 4647
56 82 4355
56 97 3698
56 99 7596
57 3 2987
57 5 6107
57 7 9950
57 16 8720
57 17 9777
57 19 6969
57 23 4267
57 24 3308
57 34 4936
57 35 3502
57 36 4554
57 37 6905
57 38 6119
57 39 9517
57 46 8600
57 50 8579
57 54 8049
57 58 8263
57 62 9645
57 66 2773
57 67 7650
57 69 7408
57 75 4681
57 83 5447
57 87 6792
57 90 6136
57 93 4988
57 96 9927
58 3 8637
58 4 5522
58 7 2338
58 8 5161
58 10 4528
58 13 6318
58 16 5433
58 17 5579
58 19 4215
58 23 9242
58 28 9827
58 47 5995
58 48 5213
58 50 6027
58 51 5275
58 57 8263
58 59 2864
58 60 4466
58 64 2740
58 70 3913
58 71 4684
58 74 2256
58 76 6406
58 78 3219
58 82 6571
58 88 4670
58 94 7119
58 97 4535
59 4 5478
59 10 9540
59 13 2835
59 14 4324
59 18 5468
59 19 4913
59 20 7827
59 21 6765
59 30 4132
59 32 9598
59 34 5509
59 37 6727
59 42 7357
59 44 5340
59 49 6627
59 50 6865
59 51 9374
59 52 6081
59 55 6875
59 56 9077
59 58 2864
59 62 5784
59 66 7815
59 68 2425
59 73 5740
59 74 7876
59 78 4450
59 79 5073
59 80 4259
59 82 4150
59 85 5779
59 86 6629
59 88 4149
59 89 4712
60 2 8822
60 5 7941
60 6 2642
60 7 8258
60 14 2233
60 22 8325
60 26 2331
60 30 9149
60 41 7725
60 42 8378
60 43 8029
60 52 6168
60 58 4466
60 64 5446
60 66 4723
60 70 7202
60 72 2749
60 84 2643
60 86 3460
60 91 5970
61 1 4975
61 3 6973
61 4 2955
61 6 7797
61 10 2746
61 11 3601
61 12 7902
61 13 3737
61 14 2263
61 16 9034
61 20 2151
61 21 2427
61 22 7356
61 25 7586
61 26 6422
61 30 7834
61 32 3839
61 36 2137
61 37 8376
61 38 3138
61 40 8538
61 43 6752
61 44 2935
61 56 8256
61 67 9797
61 68 4838
61 69 4101
61 73 7573
61 76 8997
61 77 2361
61 78 8134
61 79 9586
61 80 5989
61 81 3117
61 82 9566
61 83 3530
61 86 6086
61 90 2678
61 92 5664
61 99 2588
62 2 8065
62 6 4935
62 7 9065
62 12 3895
62 17 4229
62 20 2547
62 21 3921
62 22 4754
62 27 4233
62 29 7132
62 30 7579
62 35 7374
62 36 9212
62 43 7192
62 44 2365
62 50 8776
62 56 4785
62 57 9645
62 59 5784
62 65 7279
62 68 8547
62 75 2071
62 79 9081
62 81 6722
62 86 7041
62 89 7227
62 90 7300
62 93 9626
62 97 4273
62 98 8226
63 4 7254
63 10 8078
63 12 3294
63 15 4718
63 19 3176
63 23 7784
63 26 5003
63 32 9556
63 38 4088
63 39 6506
63 41 9837
63 43 4842
63 44 3389
63 47 3779
63 51 4638
63 54 3515
63 72 6917
63 76 2665
63 77 3217
63 79 5007
63 82 6454
63 83 4814
63 85 3720
63 87 8889
63 88 4794
63 89 2140
63 91 9672
63 98 5604
64 4 8844
64 6 2991
64 7 5252
64 13 7540
64 14 7680
64 16 2213
64 19 8470
64 24 7692
64 26 9738
64 27 3446
64 28 4996
64 42 4546
64 46 5587
64 48 8054
64 49 7796
64 51 3462
64 52 5964
64 58 2740
64 60 5446
64 66 6605
64 69 3557
64 70 3283
64 73 5539
64 74 2430
64 87 4110
64 88 3518
64 90 9144
64 91 4364
64 92 3951
65 10 9979
65 22 8496
65 23 5783
65 25 2344
65 26 9076
65 40 2111
65 41 8421
65 51 6561
65 62 7279
65 70 8191
65 77 8904
65 79 2655
65 80 2180
65 83 7550
65 85 4142
65 90 3543
65 93 8224
65 98 4291
66 1 2581
66 2 3194
66 3 6440
66 9 5641
66 12 7172
66 13 5927
66 15 8373
66 25 8285
66 26 4071
66 39 8896
66 40 8449
66 43 8979
66 45 8006
66 47 9220
66 48 2508
66 49 5007
66 52 9912
66 53 2490
66 54 6083
66 55 4430
66 57 2773
66 59 7815
66 60 4723
66 64 6605
66 67 6104
66 68 9041
66 70 7377
66 75 3825
66 79 8542
66 80 3462
66 81 5677
66 83 5766
66 85 3415
66 95 5046
66 97 3490
67 1 9383
67 4 9338
67 6 4335
67 8 6633
67 13 6783
67 20 9630
67 21 9388
67 27 4601
67 28 6130
67 34 9440
67 41 7944
67 42 8710
67 53 9656
67 54 6980
67 57 7650
67 61 9797
67 66 6104
67 71 4003
67 73 4880
67 81 9778
67 82 4517
67 83 9939
67 84 9762
67 93 4395
67 96 3049
67 97 7273
68 1 9383
68 2 2702
68 3 3206
68 8 5584
68 9 3937
68 11 3756
68 12 6872
68 16 8468
68 18 7883
68 19 6683
68 30 9243
68 31 7992
68 34 6848
68 35 7735
68 40 5575
68 42 7368
68 46 8508
68 47 2821
68 50 6149
68 52 7900
68 55 7171
68 59 2425
68 61 4838
68 62 8547
68 66 9041
68 76 5142
68 80 6158
68 87 6876
68 91 2017
68 94 8215
68 95 2506
68 99 2768
69 1 7949
69 5 5234
69 7 8002
69 12 6883
69 13 3779
69 15 8437
69 16 4460
69 19 4048
69 21 9714
69 23 4118
69 26 8449
69 28 5336
69 29 2278
69 30 6755
69 32 8494
69 34 3567
69 39 6190
69 40 9839
69 42 9407
69 43 3597
69 49 5060
69 57 7408
69 61 4101
69 64 3557
69 74 9843
69 76 9820
69 77 6007
69 79 5850
69 83 4723
69 85 5740
69 88 9872
69 92 2554
69 94 8419
69 96 3690
69 98 9097
69 99 8106
70 3 9437
70 6 5690
70 9 2237
70 10 2515
70 11 3408
70 15 7267
70 16 6269
70 21 4245
70 28 6939
70 29 3127
70 30 4071
70 34 9015
70 38 2969
70 44 8449
70 45 7782
70 46 7869
70 49 7804
70 51 7735
70 54 8693
70 58 3913
70 60 7202
70 64 3283
70 65 8191
70 66 7377
70 71 4229
70 72 5802
70 74 3400
70 75 5403
70 83 9327
70 89 6449
70 90 7082
70 95 9349
70 96 4827
70 99 5158
71 1 4416
71 6 6357
71 7 6909
71 11 4777
71 15 4008
71 17 2134
71 22 9544
71 24 5492
71 27 9614
71 31 6554
71 37 5261
71 41 9183
71 42 4647
71 45 2313
71 51 5177
71 52 4346
71 53 2669
71 55 2421
71 58 4684
71 67 4003
71 70 4229
71 73 8191
71 81 5640
71 86 2608
71 90 8405
71 97 6510
72 1 2220
72 4 4859
72 9 8662
72 10 4247
72 20 2872
72 23 2974
72 25 9707
72 26 4100
72 28 4630
72 29 6127
72 33 8787
72 34 8878
72 35 7317
72 38 4075
72 41 2850
72 42 8149
72 44 7610
72 45 3365
72 53 5372
72 56 5557
72 60 2749
72 63 6917
72 70 5802
72 75 3823
72 76 2800
72 77 9382
72 80 9370
72 92 8462
72 93 6670
72 97 8618
73 12 2500
73 15 5536
73 26 2911
73 30 4272
73 33 4473
73 37 3043
73 38 3690
73 40 6593
73 41 5890
73 43 9266
73 45 7612
73 54 7330
73 56 6556
73 59 5740
73 61 7573
73 64 5539
73 67 4880
73 71 8191
73 75 2076
73 77 8182
73 79 6330
73 87 4676
73 89 6795
73 90 8814
73 95 5850
73 96 3658
73 97 7860
74 1 2565
74 5 6260
74 11 9444
74 14 8642
74 15 2314
74 20 6498
74 24 2944
74 30 8925
74 31 2864
74 35 4146
74 39 4534
74 45 2673
74 46 7954
74 47 7889
74 49 5587
74 50 8420
74 52 7329
74 53 7255
74 58 2256
74 59 7876
74 64 2430
74 69 9843
74 70 3400
74 78 6568
74 80 6405
74 82 6713
74 87 3201
74 88 8958
74 89 7649
74 91 7188
75 4 9553
75 7 2958
75 8 4050
75 9 5512
75 10 4805
75 13 8752
75 19 7491
75 21 7701
75 24 7497
75 26 5887
75 27 9282
75 29 6493
75 31 5990
75 39 4804
75 40 9020
75 43 7616
75 45 2098
75 46 9452
75 47 4377
75 52 4226
75 53 9232
75 55 6960
75 57 4681
75 62 2071
75 66 3825
75 70 5403
75 72 3823
75 73 2076
75 77 4862
75 79 5101
75 83 3031
75 95 8538
75 96 3339
76 1 3284
76 7 8465
76 8 6130
76 11 5072
76 13 2596
76 17 4066
76 28 3941
76 30 8557
76 31 7422
76 34 4261
76 37 2750
76 41 7853
76 46 3885
76 55 3799
76 58 6406
76 61 8997
76 63 2665
76 68 5142
76 69 9820
76 72 2800
76 84 6140
76 85 2007
76 89 8329
76 92 3244
76 94 6274
76 96 9763
77 1 4478
77 2 7327
77 4 5771
77 6 4360
77 7 9465
77 12 6804
77 13 6989
77 22 4231
77 25 6806
77 26 4012
77 28 4902
77 29 6368
77 35 8230
77 43 4991
77 44 4951
77 46 3059
77 47 2001
77 51 9400
77 52 3587
77 56 2386
77 61 2361
77 63 3217
77 65 8904
77 69 6007
77 72 9382
77 73 8182
77 75 4862
77 79 3808
77 89 9491
77 93 4954
77 95 8050
77 98 7346
78 2 6484
78 4 3756
78 5 7560
78 9 8012
78 10 8506
78 11 8372
78 21 4404
78 23 5120
78 25 5436
78 26 7037
78 29 8116
78 30 5935
78 35 8362
78 38 4426
78 43 2482
78 44 5378
78 48 2510
78 49 6274
78 54 5139
78 55 3128
78 56 5610
78 58 3219
78 59 4450
78 61 8134
78 74 6568
78 79 8433
78 85 9465
78 98 3943
78 99 3890
79 6 9279
79 8 2752
79 14 4459
79 15 2970
79 20 4068
79 23 4258
79 25 6482
79 29 2653
79 32 2384
79 40 7135
79 44 4108
79 48 3827
79 49 3175
79 50 6093
79 53 2249
79 59 5073
79 61 9586
79 62 9081
79 63 5007
79 65 2655
79 66 8542
79 69 5850
79 73 6330
79 75 5101
79 77 3808
79 78 8433
79 82 3194
79 88 2670
79 89 6991
79 90 7969
79 91 8752
79 94 5699
79 97 4105
80 3 3328
80 5 8635
80 8 6335
80 11 5139
80 14 8190
80 15 8547
80 17 5433
80 20 8174
80 27 8944
80 32 6183
80 34 4271
80 36 4303
80 37 5441
80 40 9140
80 47 3625
80 48 6977
80 49 4126
80 50 3302
80 51 3189
80 56 7651
80 59 4259
80 61 5989
80 65 2180
80 66 3462
80 68 6158
80 72 9370
80 74 6405
80 82 6543
80 86 5823
80 89 4383
80 91 8012
80 95 7768
80 98 4237
81 4 2719
81 5 7264
81 10 6699
81 11 6109
81 13 4204
81 20 6966
81 22 8568
81 23 3750
81 24 5564
81 31 4136
81 32 8869
81 33 3190
81 38 9659
81 43 4713
81 51 6019
81 54 7035
81 56 4647
81 61 3117
81 62 6722
81 66 5677
81 67 9778
81 71 5640
81 87 3500
81 92 8999
81 93 2549
81 94 7547
81 97 9790
82 1 5468
82 8 5396
82 9 6142
82 12 7163
82 14 8195
82 20 8596
82 21 7445
82 23 9150
82 24 5406
82 27 8384
82 29 8235
82 34 4266
82 35 8106
82 43 2962
82 45 2630
82 48 2711
82 49 9969
82 51 8019
82 54 7908
82 55 4072
82 56 4355
82 58 6571
82 59 4150
82 61 9566
82 63 6454
82 67 4517
82 74 6713
82 79 3194
82 80 6543
82 84 4033
82 89 7243
82 90 5976
82 96 6958
83 2 7262
83 3 7536
83 6 9080
83 15 3736
83 16 9912
83 19 2762
83 20 8561
83 22 5396
83 28 2151
83 29 4273
83 35 6457
83 37 3819
83 48 3969
83 53 4083
83 55 8020
83 57 5447
83 61 3530
83 63 4814
83 65 7550
83 66 5766
83 67 9939
83 69 4723
83 70 9327
83 75 3031
83 84 2125
83 90 8979
83 95 9130
83 97 3155
83 98 6252
84 2 6350
84 3 4436
84 4 7022
84 6 8189
84 7 3898
84 9 5665
84 10 5432
84 11 8921
84 17 4830
84 24 9987
84 26 5210
84 29 9831
84 30 6816
84 34 7939
84 36 5979
84 37 8888
84 38 2433
84 47 3149
84 48 3578
84 52 6135
84 60 2643
84 67 9762
84 76 6140
84 82 4033
84 83 2125
84 85 3422
84 86 7146
84 96 4916
84 97 9901
85 3 5792
85 6 4980
85 10 6600
85 17 4313
85 18 2611
85 21 4680
85 24 6561
85 25 8726
85 28 4575
85 34 5594
85 39 2003
85 40 7087
85 41 6797
85 42 6227
85 43 3681
85 50 2152
85 53 3621
85 55 6386
85 59 5779
85 63 3720
85 65 4142
85 66 3415
85 69 5740
85 76 2007
85 78 9465
85 84 3422
85 88 9654
85 89 3452
85 90 9329
85 94 6406
85 97 4316
85 98 6006
86 2 4642
86 4 2880
86 7 9639
86 10 2335
86 12 2226
86 13 7751
86 15 9919
86 18 4196
86 21 4840
86 29 3873
86 30 2181
86 32 9229
86 42 7674
86 46 2087
86 49 9767
86 52 7053
86 53 8887
86 54 5972
86 59 6629
86 60 3460
86 61 6086
86 62 7041
86 71 2608
86 80 5823
86 84 7146
86 87 9106
86 88 8580
86 89 3024
86 96 5564
86 97 9274
87 2 2026
87 3 6505
87 6 2315
87 7 7431
87 12 4250
87 16 8490
87 17 7625
87 18 2656
87 19 5284
87 24 4641
87 28 6332
87 29 7828
87 32 9313
87 33 6680
87 35 9191
87 36 8677
87 47 3809
87 48 7717
87 53 9666
87 55 9707
87 57 6792
87 63 8889
87 64 4110
87 68 6876
87 73 4676
87 74 3201
87 81 3500
87 86 9106
87 89 4921
87 96 9005
87 97 5248
88 5 5631
88 9 5414
88 10 9624
88 14 7811
88 16 6370
88 28 3832
88 29 3510
88 30 5665
88 31 6805
88 32 8721
88 33 4697
88 34 3689
88 37 2508
88 44 2600
88 49 3959
88 51 3262
88 52 7741
88 55 2068
88 58 4670
88 59 4149
88 63 4794
88 64 3518
88 69 9872
88 74 8958
88 79 2670
88 85 9654
88 86 8580
88 89 7974
88 91 2947
88 93 8927
88 94 5983
88 95 9207
88 96 3296
89 1 2186
89 9 2340
89 10 8381
89 11 6547
89 16 2128
89 17 9038
89 22 3728
89 24 3959
89 26 9096
89 27 4727
89 30 4346
89 32 6380
89 36 4863
89 38 8741
89 43 5000
89 46 4572
89 49 2725
89 51 3906
89 59 4712
89 62 7227
89 63 2140
89 70 6449
89 73 6795
89 74 7649
89 76 8329
89 77 9491
89 79 6991
89 80 4383
89 82 7243
89 85 3452
89 86 3024
89 87 4921
89 88 7974
89 96 2974
89 97 5801
90 4 8674
90 5 3927
90 7 4824
90 13 9816
90 17 8587
90 22 2071
90 26 8790
90 27 2866
90 28 2982
90 29 9306
90 34 2777
90 36 7346
90 39 5380
90 45 5625
90 52 3735
90 54 7700
90 57 6136
90 61 2678
90 62 7300
90 64 9144
90 65 3543
90 70 7082
90 71 8405
90 73 8814
90 79 7969
90 82 5976
90 83 8979
90 85 9329
90 91 6048
90 94 6389
90 95 2632
90 98 5317
91 3 9246
91 5 9394
91 7 7497
91 15 7171
91 17 7493
91 19 7484
91 24 8917
91 25 6591
91 28 5528
91 29 4452
91 36 2542
91 42 3275
91 45 9588
91 48 4811
91 51 5185
91 52 2072
91 55 7772
91 60 5970
91 63 9672
91 64 4364
91 68 2017
91 74 7188
91 79 8752
91 80 8012
91 88 2947
91 90 6048
91 93 5670
91 95 6218
91 99 8849
92 5 8852
92 6 4127
92 8 4528
92 12 9780
92 15 6815
92 17 4826
92 19 9348
92 22 5740
92 23 5270
92 28 2467
92 30 9267
92 32 3068
92 38 3480
92 39 4254
92 41 6068
92 44 8685
92 50 5731
92 52 9581
92 54 9645
92 61 5664
92 64 3951
92 69 2554
92 72 8462
92 76 3244
92 81 8999
92 93 2865
92 94 2214
92 95 3652
93 1 9285
93 3 3148
93 12 6467
93 16 6592
93 19 2743
93 20 6348
93 24 6936
93 26 3615
93 31 3960
93 37 4111
93 47 4066
93 49 8947
93 51 6226
93 57 4988
93 62 9626
93 65 8224
93 67 4395
93 72 6670
93 77 4954
93 81 2549
93 88 8927
93 91 5670
93 92 2865
93 98 5806
94 6 7263
94 8 8757
94 9 3515
94 17 6893
94 18 8558
94 19 5315
94 24 2702
94 27 6105
94 29 8443
94 30 2017
94 37 4972
94 42 8344
94 47 3987
94 58 7119
94 68 8215
94 69 8419
94 76 6274
94 79 5699
94 81 7547
94 85 6406
94 88 5983
94 90 6389
94 92 2214
94 99 4601
95 7 2489
95 11 9152
95 20 2028
95 24 7164
95 34 4669
95 38 3885
95 40 4164
95 44 3001
95 45 3986
95 46 6476
95 47 8820
95 50 4196
95 51 8163
95 55 6702
95 66 5046
95 68 2506
95 70 9349
95 73 5850
95 75 8538
95 77 8050
95 80 7768
95 83 9130
95 88 9207
95 90 2632
95 91 6218
95 92 3652
95 97 6703
95 98 7154
96 2 7480
96 3 2780
96 5 7221
96 11 5732
96 12 3733
96 13 6730
96 15 4216
96 17 2948
96 18 8690
96 20 9422
96 23 5658
96 26 5701
96 27 6678
96 28 7343
96 30 9599
96 33 2934
96 34 3980
96 35 4047
96 39 9183
96 40 7095
96 42 2769
96 53 2396
96 54 7637
96 57 9927
96 67 3049
96 69 3690
96 70 4827
96 73 3658
96 75 3339
96 76 9763
96 82 6958
96 84 4916
96 86 5564
96 87 9005
96 88 3296
96 89 2974
96 97 2045
96 98 6847
97 5 5746
97 7 7518
97 9 6392
97 16 6569
97 18 6967
97 20 2593
97 26 5093
97 27 6906
97 30 6552
97 32 7085
97 36 9623
97 38 6840
97 44 2537
97 51 6055
97 54 8329
97 55 3204
97 56 3698
97 58 4535
97 62 4273
97 66 3490
97 67 7273
97 71 6510
97 72 8618
97 73 7860
97 79 4105
97 81 9790
97 83 3155
97 84 9901
97 85 4316
97 86 9274
97 87 5248
97 89 5801
97 95 6703
97 96 2045
98 2 9629
98 3 4063
98 6 2832
98 18 6276
98 20 8495
98 26 9015
98 27 4143
98 33 4249
98 38 2026
98 41 5133
98 43 6780
98 45 6455
98 47 6961
98 51 4060
98 52 8462
98 53 3151
98 55 2013
98 62 8226
98 63 5604
98 65 4291
98 69 9097
98 77 7346
98 78 3943
98 80 4237
98 83 6252
98 85 6006
98 90 5317
98 93 5806
98 95 7154
98 96 6847
1 t 9679
7 t 5581
8 t 9994
9 t 6819
17 t 7463
24 t 3919
25 t 2646
26 t 7722
30 t 4515
34 t 7958
37 t 4582
39 t 2321
40 t 5004
47 t 3640
48 t 3759
50 t 3251
52 t 8530
56 t 7596
61 t 2588
68 t 2768
69 t 8106
70 t 5158
78 t 3890
91 t 8849
94 t 4601
