s 4 8468
s 9 7441
s 10 6656
s 15 4512
s 16 8227
s 17 7984
s 19 5786
s 21 8473
s 25 9092
s 26 5008
s 27 8035
s 31 9578
s 34 4121
s 41 6150
s 42 8227
s 44 6291
s 46 7478
s 48 9087
s 49 9403
s 55 8291
s 56 7886
s 62 5603
s 63 4355
s 70 9602
s 71 5991
s 74 7518
s 77 7038
s 92 5369
s 93 4220
s 94 9604
s 95 5674
s 97 7987
s 98 7694
1 3 6323
1 4 8097
1 5 4881
1 10 9474
1 12 9118
1 13 8995
1 15 8493
1 21 7407
1 22 4861
1 23 5225
1 24 4971
1 33 4495
1 34 7019
1 36 9629
1 45 6125
1 50 9364
1 51 6861
1 52 8264
1 65 7591
1 67 7813
1 69 5948
1 70 5020
1 71 5025
1 75 6695
1 78 5243
1 79 7962
1 83 9073
1 88 4874
1 97 8127
1 99 5713
2 3 9590
2 5 9964
2 12 6794
2 13 7946
2 18 9290
2 20 9343
2 21 8967
2 31 7160
2 32 6435
2 35 4987
2 40 4192
2 43 8173
2 52 7847
2 54 7341
2 57 6572
2 59 5249
2 66 7069
2 70 9611
2 72 5534
2 79 4485
2 85 6324
2 88 4220
2 91 5938
2 98 8301
3 1 6323
3 2 9590
3 4 5652
3 5 8838
3 10 8031
3 14 6379
3 19 6629
3 24 6306
3 25 4359
3 27 7297
3 28 7112
3 29 6205
3 41 5490
3 51 5417
3 52 9360
3 53 4791
3 55 9822
3 59 7524
3 65 9460
3 66 5482
3 70 9652
3 72 5330
3 73 8097
3 93 6300
3 95 6224
3 97 4659
3 98 6436
3 99 5688
4 1 8097
4 3 5652
4 10 6741
4 13 6657
4 15 7221
4 17 8621
4 23 9691
4 25 8883
4 26 5816
4 30 4388
4 34 4240
4 39 6464
4 40 4941
4 49 6474
4 50 5947
4 54 6809
4 58 8806
4 61 6075
4 67 9429
4 69 6084
4 70 5120
4 72 9393
4 76 8152
4 80 8746
4 82 8313
4 84 4097
4 90 6960
4 93 4223
4 95 9384
4 96 4398
4 99 8962
5 1 4881
5 2 9964
5 3 8838
5 6 8897
5 16 9300
5 20 4386
5 25 5022
5 27 6147
5 29 7642
5 30 7740
5 31 6773
5 32 9754
5 37 5153
5 39 6616
5 40 4023
5 42 6026
5 46 4686
5 47 6201
5 48 9971
5 49 9171
5 55 5131
5 63 5231
5 70 6437
5 71 7667
5 74 4119
5 81 6874
5 83 5589
5 90 6183
5 94 8121
6 5 8897
6 7 6253
6 11 9039
6 14 6934
6 15 7936
6 17 4174
6 19 8844
6 20 7753
6 27 7170
6 29 7454
6 34 8858
6 38 8696
6 43 5371
6 60 7240
6 62 6957
6 69 5368
6 70 5091
6 75 4724
6 84 4110
6 85 5249
6 93 8931
6 96 6360
6 97 8006
7 6 6253
7 8 8681
7 11 6294
7 12 5396
7 14 7686
7 16 8302
7 22 4234
7 24 4891
7 27 5547
7 29 5424
7 30 4437
7 32 7996
7 39 8588
7 42 9281
7 44 9313
7 49 9901
7 53 9652
7 59 9017
7 65 9678
7 73 6031
7 78 6610
7 79 8297
7 85 6334
7 88 6399
7 97 9746
8 7 8681
8 12 7007
8 17 7140
8 25 5466
8 27 8706
8 29 7987
8 33 6752
8 37 4518
8 39 5646
8 42 7872
8 47 7452
8 48 6043
8 52 8879
8 58 8830
8 81 8484
8 82 5136
8 87 4337
8 91 5000
8 92 5126
8 96 4788
8 98 4608
9 10 7553
9 21 5277
9 25 4713
9 31 5563
9 33 4899
9 35 7024
9 39 5997
9 40 8434
9 50 5582
9 54 4231
9 58 9006
9 59 4104
9 64 7451
9 67 7554
9 68 6825
9 69 9660
9 73 6603
9 74 6869
9 76 8234
9 77 6827
9 82 5734
9 84 8586
9 88 7468
9 98 8846
9 99 9774
10 1 9474
10 3 8031
10 4 6741
10 9 7553
10 14 6614
10 15 7849
10 16 4855
10 17 8060
10 18 6988
10 21 7803
10 26 5583
10 29 6832
10 33 8825
10 35 8560
10 39 9585
10 41 4748
10 44 8324
10 46 4718
10 47 4070
10 49 6081
10 53 6821
10 54 6800
10 55 4796
10 57 5969
10 60 4194
10 61 8488
10 64 9604
10 68 6632
10 71 5072
10 77 9631
10 87 4886
10 89 9310
10 90 4241
10 91 6124
10 93 7660
10 95 9266
10 98 6332
11 6 9039
11 7 6294
11 15 9527
11 16 5528
11 17 8391
11 18 6789
11 22 5668
11 24 9521
11 30 4113
11 31 8440
11 34 4316
11 37 4084
11 38 4937
11 42 5847
11 49 9209
11 51 7153
11 52 8899
11 57 5422
11 59 9512
11 66 6271
11 68 6569
11 73 4770
11 74 6736
11 76 5807
11 77 8741
11 83 6899
11 85 8725
11 87 4068
11 88 7338
11 89 7319
11 90 5196
11 93 4989
11 94 4595
11 97 9923
12 1 9118
12 2 6794
12 7 5396
12 8 7007
12 14 6496
12 18 7515
12 23 9375
12 24 6054
12 25 6112
12 27 7979
12 32 6693
12 37 6747
12 38 6325
12 39 9626
12 47 5292
12 50 5751
12 51 6846
12 55 9015
12 57 4169
12 60 4047
12 62 7568
12 65 5854
12 67 8826
12 68 5927
12 69 8601
12 71 7365
12 79 9555
12 81 7034
12 83 5365
12 89 9971
12 90 4703
12 94 7721
12 98 9818
13 1 8995
13 2 7946
13 4 6657
13 16 6950
13 18 4373
13 22 9273
13 23 7147
13 33 8446
13 44 5576
13 47 7437
13 51 8913
13 53 5682
13 55 8822
13 56 6841
13 60 4278
13 63 6794
13 70 5597
13 72 9277
13 73 5189
13 75 9106
13 76 9586
13 78 6736
13 83 8488
13 86 4685
13 88 7932
13 90 4204
13 91 7035
13 94 9130
13 95 5426
14 3 6379
14 6 6934
14 7 7686
14 10 6614
14 12 6496
14 16 7242
14 21 7770
14 25 7013
14 31 9933
14 34 6092
14 41 4225
14 45 5214
14 46 6778
14 48 6689
14 49 7285
14 50 4825
14 53 4737
14 55 6228
14 57 5157
14 64 9820
14 65 8680
14 67 6003
14 68 5050
14 69 5498
14 73 8560
14 76 7852
14 82 8482
14 84 7287
14 89 9098
14 92 8344
14 95 5242
14 96 8361
14 99 5632
15 1 8493
15 4 7221
15 6 7936
15 10 7849
15 11 9527
15 22 9495
15 23 9340
15 27 8656
15 32 4232
15 33 5773
15 36 8294
15 40 5157
15 43 6199
15 46 5337
15 47 8376
15 48 6475
15 53 4603
15 54 4499
15 58 7715
15 63 8827
15 67 4221
15 71 5951
15 79 4484
15 82 5596
15 83 5433
15 84 7544
15 87 6928
15 97 5690
15 99 8168
16 5 9300
16 7 8302
16 10 4855
16 11 5528
16 13 6950
16 14 7242
16 21 4888
16 22 4357
16 24 5119
16 28 8053
16 29 9092
16 34 4870
16 38 9577
16 39 7669
16 40 7316
16 44 8493
16 49 8162
16 50 9838
16 52 5741
16 53 6203
16 55 8494
16 56 4735
16 58 5632
16 67 6145
16 76 8195
16 88 4235
16 90 5755
16 91 5961
16 96 9123
16 97 7953
17 4 8621
17 6 4174
17 8 7140
17 10 8060
17 11 8391
17 18 7977
17 19 9280
17 23 6784
17 27 7570
17 28 5191
17 30 8858
17 32 6940
17 33 4468
17 34 7149
17 36 6064
17 37 4962
17 39 4581
17 44 5223
17 51 9001
17 53 4054
17 54 6329
17 56 5306
17 63 9105
17 69 4239
17 74 4505
17 78 9056
17 83 8577
17 84 9661
17 86 7540
17 88 4671
17 89 8526
17 90 7528
17 91 4888
17 93 6088
17 94 4792
18 2 9290
18 10 6988
18 11 6789
18 12 7515
18 13 4373
18 17 7977
18 19 4320
18 20 5805
18 25 8012
18 30 9850
18 33 6791
18 34 7722
18 43 7008
18 46 5130
18 48 8928
18 52 9135
18 53 9858
18 59 7449
18 60 8849
18 65 6034
18 67 5823
18 71 4918
18 73 8300
18 76 4679
18 77 9582
18 78 4274
18 81 8518
18 83 7928
18 85 7927
18 88 9057
18 89 8803
18 91 4218
18 97 4087
18 99 9899
19 3 6629
19 6 8844
19 17 9280
19 18 4320
19 20 4382
19 24 5519
19 25 5628
19 28 9201
19 34 6247
19 39 6907
19 40 5213
19 41 7799
19 42 5730
19 43 8395
19 46 9358
19 47 4815
19 48 5621
19 51 5332
19 52 7298
19 55 7584
19 62 5474
19 64 9123
19 66 4249
19 67 5432
19 80 9879
19 81 8086
19 82 9104
19 87 7582
19 91 6160
19 96 7039
19 98 4074
20 2 9343
20 5 4386
20 6 7753
20 18 5805
20 19 4382
20 21 6166
20 23 6145
20 24 8237
20 25 5212
20 26 7873
20 28 6966
20 33 4480
20 34 5275
20 46 7873
20 48 7654
20 49 7779
20 52 4185
20 65 8027
20 66 4600
20 68 8993
20 78 4911
20 83 8602
20 85 9320
20 87 9386
20 88 8120
20 98 7303
21 1 7407
21 2 8967
21 9 5277
21 10 7803
21 14 7770
21 16 4888
21 20 6166
21 29 6186
21 31 5606
21 33 5783
21 36 8574
21 40 8168
21 46 9630
21 50 8819
21 51 9154
21 55 6314
21 56 5836
21 57 6189
21 59 5511
21 60 7715
21 62 9806
21 63 8506
21 68 9567
21 73 8903
21 74 7548
21 77 6453
21 80 8181
21 81 9169
21 87 9182
21 91 9624
22 1 4861
22 7 4234
22 11 5668
22 13 9273
22 15 9495
22 16 4357
22 23 5404
22 24 6019
22 38 4757
22 40 5186
22 43 8642
22 49 9173
22 54 7466
22 58 8252
22 60 6064
22 62 8473
22 68 5462
22 88 8654
22 89 7472
22 99 4560
23 1 5225
23 4 9691
23 12 9375
23 13 7147
23 15 9340
23 17 6784
23 20 6145
23 22 5404
23 25 9514
23 33 6241
23 38 4659
23 40 6593
23 42 8935
23 43 5450
23 51 8647
23 53 7903
23 65 7660
23 66 4528
23 67 7744
23 68 4637
23 75 7831
23 81 9551
23 82 9658
23 84 5765
23 88 5039
23 89 8890
23 90 7571
23 93 8530
23 97 9763
24 1 4971
24 3 6306
24 7 4891
24 11 9521
24 12 6054
24 16 5119
24 19 5519
24 20 8237
24 22 6019
24 25 6989
24 28 6743
24 29 5940
24 31 5189
24 40 9661
24 43 7994
24 47 4542
24 54 8230
24 55 5287
24 58 9458
24 59 9198
24 67 7736
24 69 7927
24 73 7340
24 76 8078
24 77 6959
24 78 9176
24 80 9112
24 82 4342
24 86 4281
24 89 5272
24 90 8618
24 92 8638
24 94 6186
24 99 9508
25 3 4359
25 4 8883
25 5 5022
25 8 5466
25 9 4713
25 12 6112
25 14 7013
25 18 8012
25 19 5628
25 20 5212
25 23 9514
25 24 6989
25 28 5285
25 30 5060
25 32 7835
25 34 4613
25 36 9988
25 37 9953
25 40 8684
25 41 4022
25 43 9987
25 47 9081
25 49 7667
25 61 6519
25 63 7974
25 67 9216
25 68 5540
25 76 9763
25 82 5350
25 84 4668
25 86 4908
25 88 5150
25 89 4700
25 91 6526
25 92 7373
25 94 9548
25 96 7479
26 4 5816
26 10 5583
26 20 7873
26 28 5924
26 29 4785
26 31 9000
26 32 9436
26 34 7120
26 36 4584
26 40 4594
26 43 4614
26 45 5215
26 47 5131
26 57 7488
26 62 9543
26 65 6420
26 69 6802
26 71 8522
26 72 5703
26 82 4971
26 83 6467
26 87 8145
26 89 8620
26 91 7668
26 92 6577
26 93 5435
26 94 9827
26 97 9303
26 98 8364
26 99 7619
27 3 7297
27 5 6147
27 6 7170
27 7 5547
27 8 8706
27 12 7979
27 15 8656
27 17 7570
27 30 7791
27 31 4185
27 34 4793
27 45 6972
27 48 9623
27 53 9791
27 54 8354
27 55 6211
27 63 4975
27 72 5084
27 78 7162
27 79 6081
27 88 8347
27 89 4903
27 98 6321
28 3 7112
28 16 8053
28 17 5191
28 19 9201
28 20 6966
28 24 6743
28 25 5285
28 26 5924
28 29 9992
28 32 4596
28 34 5088
28 36 6701
28 37 8579
28 39 8478
28 42 9035
28 43 4531
28 44 4857
28 46 8154
28 50 5304
28 55 6053
28 61 5387
28 63 9768
28 64 6122
28 70 5012
28 71 4903
28 72 7621
28 74 9949
28 75 4617
28 78 9752
28 84 9596
28 87 4027
28 89 5154
28 91 8142
28 92 6602
28 93 7320
28 96 6313
28 97 9030
28 98 5337
29 3 6205
29 5 7642
29 6 7454
29 7 5424
29 8 7987
29 10 6832
29 16 9092
29 21 6186
29 24 5940
29 26 4785
29 28 9992
29 30 7179
29 37 9689
29 40 6299
29 44 6519
29 55 7867
29 56 6363
29 61 7649
29 62 7722
29 63 6991
29 66 4487
29 67 8131
29 69 6375
29 71 5137
29 72 9689
29 74 6288
29 78 7551
29 80 8101
29 85 6066
29 88 4096
29 90 8136
29 94 8163
29 95 9846
29 96 7973
29 99 9344
30 4 4388
30 5 7740
30 7 4437
30 11 4113
30 17 8858
30 18 9850
30 25 5060
30 27 7791
30 29 7179
30 33 4984
30 38 7837
30 41 5865
30 45 7199
30 49 4816
30 52 4512
30 55 5042
30 56 5801
30 58 5718
30 60 8194
30 67 5046
30 68 9413
30 69 9054
30 74 8125
30 82 5410
30 86 9444
30 88 9974
30 92 4761
30 94 6863
30 95 6076
30 99 4605
31 2 7160
31 5 6773
31 9 5563
31 11 8440
31 14 9933
31 21 5606
31 24 5189
31 26 9000
31 27 4185
31 36 5863
31 39 4284
31 46 5034
31 49 9460
31 52 7090
31 53 5535
31 58 8320
31 60 5948
31 62 8186
31 64 6600
31 70 5043
31 75 8151
31 76 6043
31 90 5014
31 92 5009
31 98 7860
31 99 4706
32 2 6435
32 5 9754
32 7 7996
32 12 6693
32 15 4232
32 17 6940
32 25 7835
32 26 9436
32 28 4596
32 37 5673
32 41 8577
32 47 4136
32 50 4723
32 52 9185
32 55 6514
32 59 6619
32 61 5578
32 64 8577
32 66 6561
32 67 7758
32 71 4283
32 74 5120
32 75 9236
32 78 9693
32 81 6330
32 95 4417
32 97 4887
33 1 4495
33 8 6752
33 9 4899
33 10 8825
33 13 8446
33 15 5773
33 17 4468
33 18 6791
33 20 4480
33 21 5783
33 23 6241
33 30 4984
33 35 4237
33 38 5011
33 42 6778
33 43 6074
33 44 9265
33 46 6520
33 47 8301
33 49 7384
33 51 5428
33 55 5059
33 58 8548
33 59 9407
33 68 6567
33 77 4348
33 81 8382
33 83 6720
33 87 4545
33 88 4107
33 92 7391
33 93 7944
33 96 5980
33 99 7779
34 1 7019
34 4 4240
34 6 8858
34 11 4316
34 14 6092
34 16 4870
34 17 7149
34 18 7722
34 19 6247
34 20 5275
34 25 4613
34 26 7120
34 27 4793
34 28 5088
34 35 9774
34 42 5691
34 43 8891
34 45 4281
34 46 7278
34 48 4052
34 50 4450
34 51 4871
34 59 9592
34 61 4762
34 64 6298
34 68 4068
34 72 4992
34 77 7968
34 80 8686
34 83 5321
34 86 5812
34 88 6351
34 93 7785
34 95 8436
35 2 4987
35 9 7024
35 10 8560
35 33 4237
35 34 9774
35 36 5980
35 39 7910
35 41 7960
35 42 9353
35 52 4556
35 66 6273
35 67 5021
35 69 8468
35 70 4518
35 74 4115
35 75 8129
35 79 9742
35 84 6338
35 87 5911
35 94 8349
35 95 7296
36 1 9629
36 15 8294
36 17 6064
36 21 8574
36 25 9988
36 26 4584
36 28 6701
36 31 5863
36 35 5980
36 41 8450
36 54 4945
36 58 8506
36 59 7301
36 63 4483
36 67 4988
36 68 7457
36 73 6397
36 83 7220
36 93 4315
36 99 9256
37 5 5153
37 8 4518
37 11 4084
37 12 6747
37 17 4962
37 25 9953
37 28 8579
37 29 9689
37 32 5673
37 40 4404
37 44 6653
37 45 9414
37 46 7225
37 47 7749
37 57 7084
37 69 8481
37 72 6462
37 73 4549
37 74 5809
37 76 6439
37 77 4860
37 79 5324
37 80 5406
37 82 8291
37 85 8211
37 86 6492
37 91 8974
37 93 9292
38 6 8696
38 11 4937
38 12 6325
38 16 9577
38 22 4757
38 23 4659
38 30 7837
38 33 5011
38 39 6572
38 43 7037
38 46 6467
38 53 6245
38 57 6804
38 62 4437
38 63 4412
38 68 8017
38 72 5338
38 73 7179
38 77 4784
38 81 4106
38 84 5869
38 86 5477
38 87 7827
38 91 7301
38 93 8169
38 95 9082
39 4 6464
39 5 6616
39 7 8588
39 8 5646
39 9 5997
39 10 9585
39 12 9626
39 16 7669
39 17 4581
39 19 6907
39 28 8478
39 31 4284
39 35 7910
39 38 6572
39 40 9510
39 42 9283
39 46 8896
39 47 7402
39 49 4076
39 50 5530
39 51 6242
39 53 7927
39 54 5691
39 55 5472
39 58 8363
39 64 9291
39 66 8091
39 67 8935
39 68 4393
39 76 8750
39 78 4349
39 80 8895
39 81 6964
39 94 9139
39 99 9564
40 2 4192
40 4 4941
40 5 4023
40 9 8434
40 15 5157
40 16 7316
40 19 5213
40 21 8168
40 22 5186
40 23 6593
40 24 9661
40 25 8684
40 26 4594
40 29 6299
40 37 4404
40 39 9510
40 47 7288
40 52 4244
40 60 7705
40 64 5765
40 65 4194
40 68 6729
40 69 5155
40 73 7068
40 77 6970
40 79 6287
40 80 6380
40 84 5532
40 89 7310
40 90 6132
40 91 7356
40 94 8254
40 98 6386
41 3 5490
41 10 4748
41 14 4225
41 19 7799
41 25 4022
41 30 5865
41 32 8577
41 35 7960
41 36 8450
41 42 6092
41 43 5458
41 48 7074
41 49 5656
41 53 8727
41 54 7220
41 56 7096
41 64 6208
41 67 5392
41 69 8167
41 72 7136
41 73 4939
41 82 6854
41 83 7319
41 85 7511
41 91 8076
42 5 6026
42 7 9281
42 8 7872
42 11 5847
42 19 5730
42 23 8935
42 28 9035
42 33 6778
42 34 5691
42 35 9353
42 39 9283
42 41 6092
42 52 6136
42 56 5139
42 58 7877
42 59 9390
42 64 9789
42 66 7449
42 67 8982
42 69 5645
42 70 7393
42 75 4460
42 77 7463
42 82 9349
42 83 6762
42 95 6968
43 2 8173
43 6 5371
43 15 6199
43 18 7008
43 19 8395
43 22 8642
43 23 5450
43 24 7994
43 25 9987
43 26 4614
43 28 4531
43 33 6074
43 34 8891
43 38 7037
43 41 5458
43 44 9876
43 46 4438
43 47 8280
43 54 4180
43 60 5076
43 64 9078
43 65 5733
43 69 4732
43 72 5537
43 78 4419
43 79 5930
43 81 9248
43 82 5652
43 85 8367
43 91 5968
43 92 9553
43 98 8841
44 7 9313
44 10 8324
44 13 5576
44 16 8493
44 17 5223
44 28 4857
44 29 6519
44 33 9265
44 37 6653
44 43 9876
44 45 6353
44 51 8085
44 56 5064
44 59 8780
44 60 9007
44 63 6813
44 67 8129
44 70 8806
44 72 9298
44 73 6084
44 76 9523
44 81 5569
44 83 8990
44 84 5610
44 93 8423
45 1 6125
45 14 5214
45 26 5215
45 27 6972
45 30 7199
45 34 4281
45 37 9414
45 44 6353
45 47 5905
45 50 9772
45 51 7024
45 56 6737
45 59 4274
45 61 9620
45 65 4846
45 66 8996
45 69 7385
45 70 9985
45 77 7900
45 88 9967
45 89 7797
45 93 6613
45 94 9862
45 96 5693
45 98 9171
46 5 4686
46 10 4718
46 14 6778
46 15 5337
46 18 5130
46 19 9358
46 20 7873
46 21 9630
46 28 8154
46 31 5034
46 33 6520
46 34 7278
46 37 7225
46 38 6467
46 39 8896
46 43 4438
46 50 5335
46 53 9239
46 58 5740
46 60 5600
46 69 6178
46 73 8825
46 74 5416
46 75 4070
46 79 6741
46 80 8056
46 88 7234
46 89 9887
46 96 5274
46 99 7800
47 5 6201
47 8 7452
47 10 4070
47 12 5292
47 13 7437
47 15 8376
47 19 4815
47 24 4542
47 25 9081
47 26 5131
47 32 4136
47 33 8301
47 37 7749
47 39 7402
47 40 7288
47 43 8280
47 45 5905
47 48 4083
47 49 8841
47 55 8544
47 62 4323
47 65 4702
47 66 7850
47 67 6543
47 70 9406
47 71 6093
47 74 6888
47 78 6254
47 81 4724
47 85 6673
47 89 5547
48 5 9971
48 8 6043
48 14 6689
48 15 6475
48 18 8928
48 19 5621
48 20 7654
48 27 9623
48 34 4052
48 41 7074
48 47 4083
48 50 6225
48 58 7496
48 59 6562
48 65 7629
48 66 5687
48 69 4906
48 71 5110
48 72 8323
48 74 4556
48 79 9127
48 81 4739
48 82 4550
48 86 5232
48 89 7154
48 90 4022
48 94 8422
49 4 6474
49 5 9171
49 7 9901
49 10 6081
49 11 9209
49 14 7285
49 16 8162
49 20 7779
49 22 9173
49 25 7667
49 30 4816
49 31 9460
49 33 7384
49 39 4076
49 41 5656
49 47 8841
49 50 5939
49 54 4559
49 57 6855
49 58 7995
49 59 5500
49 60 9650
49 63 4184
49 64 9210
49 67 4503
49 70 7898
49 71 5341
49 76 7026
49 80 8047
49 83 8244
49 90 8469
49 92 5231
49 95 7443
50 1 9364
50 4 5947
50 9 5582
50 12 5751
50 14 4825
50 16 9838
50 21 8819
50 28 5304
50 32 4723
50 34 4450
50 39 5530
50 45 9772
50 46 5335
50 48 6225
50 49 5939
50 53 9030
50 55 5741
50 62 4970
50 67 4800
50 68 4885
50 69 9448
50 74 7495
50 75 4775
50 76 6597
50 78 5917
50 79 6639
50 80 6896
50 84 9007
50 85 4989
50 86 7627
50 87 6556
50 89 8149
50 91 6925
50 93 6397
51 1 6861
51 3 5417
51 11 7153
51 12 6846
51 13 8913
51 17 9001
51 19 5332
51 21 9154
51 23 8647
51 33 5428
51 34 4871
51 39 6242
51 44 8085
51 45 7024
51 54 5888
51 55 4014
51 56 6707
51 57 8203
51 64 4785
51 66 4952
51 73 8397
51 75 7704
51 76 6044
51 78 4641
51 82 5040
51 88 6149
51 89 5719
51 90 9968
51 91 6515
51 92 8316
51 94 7471
51 97 4157
52 1 8264
52 2 7847
52 3 9360
52 8 8879
52 11 8899
52 16 5741
52 18 9135
52 19 7298
52 20 4185
52 30 4512
52 31 7090
52 32 9185
52 35 4556
52 40 4244
52 42 6136
52 56 4624
52 58 7994
52 62 6133
52 63 5607
52 64 5309
52 70 4392
52 71 9551
52 74 7347
52 82 9583
52 85 5282
52 89 4577
52 92 6003
52 94 7817
53 3 4791
53 7 9652
53 10 6821
53 13 5682
53 14 4737
53 15 4603
53 16 6203
53 17 4054
53 18 9858
53 23 7903
53 27 9791
53 31 5535
53 38 6245
53 39 7927
53 41 8727
53 46 9239
53 50 9030
53 54 4014
53 56 8100
53 60 9242
53 62 4892
53 63 5357
53 64 7372
53 69 9586
53 70 5123
53 73 9513
53 74 7491
53 78 4029
53 83 6665
53 84 9449
53 87 4263
53 89 6616
53 91 4364
53 94 6811
53 98 4671
53 99 9033
54 2 7341
54 4 6809
54 9 4231
54 10 6800
54 15 4499
54 17 6329
54 22 7466
54 24 8230
54 27 8354
54 36 4945
54 39 5691
54 41 7220
54 43 4180
54 49 4559
54 51 5888
54 53 4014
54 55 5845
54 59 9929
54 60 8543
54 62 9741
54 65 9448
54 66 8161
54 67 7783
54 69 4860
54 78 4886
54 79 9574
54 81 8639
54 90 4087
54 92 8823
54 97 5989
55 3 9822
55 5 5131
55 10 4796
55 12 9015
55 13 8822
55 14 6228
55 16 8494
55 19 7584
55 21 6314
55 24 5287
55 27 6211
55 28 6053
55 29 7867
55 30 5042
55 32 6514
55 33 5059
55 39 5472
55 47 8544
55 50 5741
55 51 4014
55 54 5845
55 61 6058
55 64 9351
55 70 7549
55 72 6670
55 73 7768
55 76 6038
55 87 9701
55 88 9712
55 89 4004
55 91 8832
55 93 5202
55 94 9078
55 95 4405
55 97 6146
55 99 6122
56 13 6841
56 16 4735
56 17 5306
56 21 5836
56 29 6363
56 30 5801
56 41 7096
56 42 5139
56 44 5064
56 45 6737
56 51 6707
56 52 4624
56 53 8100
56 60 6599
56 61 8095
56 65 5887
56 66 7457
56 72 5966
56 80 6864
56 84 4169
56 85 6548
56 86 8105
56 87 7551
56 88 4696
56 92 5692
56 93 8702
56 95 4767
57 2 6572
57 10 5969
57 11 5422
57 12 4169
57 14 5157
57 21 6189
57 26 7488
57 37 7084
57 38 6804
57 49 6855
57 51 8203
57 61 4275
57 62 8541
57 63 6627
57 65 4122
57 66 5110
57 67 8634
57 69 5951
57 74 8731
57 77 6145
57 82 8541
57 90 9593
57 93 4320
57 95 4320
58 4 8806
58 8 8830
58 9 9006
58 15 7715
58 16 5632
58 22 8252
58 24 9458
58 30 5718
58 31 8320
58 33 8548
58 36 8506
58 39 8363
58 42 7877
58 46 5740
58 48 7496
58 49 7995
58 52 7994
58 64 9009
58 66 7338
58 71 6340
58 83 4676
58 85 8818
58 87 7439
58 92 9340
58 95 4337
58 96 7846
58 98 4963
58 99 6868
59 2 5249
59 3 7524
59 7 9017
59 9 4104
59 11 9512
59 18 7449
59 21 5511
59 24 9198
59 32 6619
59 33 9407
59 34 9592
59 36 7301
59 42 9390
59 44 8780
59 45 4274
59 48 6562
59 49 5500
59 54 9929
59 60 6113
59 64 7242
59 66 6363
59 71 5390
59 72 5675
59 80 9145
59 81 9436
59 82 6330
59 84 6090
59 91 5919
59 92 6896
59 93 5830
59 95 9825
60 6 7240
60 10 4194
60 12 4047
60 13 4278
60 18 8849
60 21 7715
60 22 6064
60 30 8194
60 31 5948
60 40 7705
60 43 5076
60 44 9007
60 46 5600
60 49 9650
60 53 9242
60 54 8543
60 56 6599
60 59 6113
60 64 6925
60 65 4980
60 69 7377
60 80 7355
60 83 9304
60 90 7487
60 93 5410
60 95 4843
60 98 6759
61 4 6075
61 10 8488
61 25 6519
61 28 5387
61 29 7649
61 32 5578
61 34 4762
61 45 9620
61 55 6058
61 56 8095
61 57 4275
61 67 8626
61 68 8191
61 70 8011
61 71 9374
61 74 7664
61 76 7889
61 78 8737
61 81 5893
61 82 8425
61 86 4976
61 90 9358
61 94 4039
61 95 6828
62 6 6957
62 12 7568
62 19 5474
62 21 9806
62 22 8473
62 26 9543
62 29 7722
62 31 8186
62 38 4437
62 47 4323
62 50 4970
62 52 6133
62 53 4892
62 54 9741
62 57 8541
62 64 7485
62 66 6562
62 69 9307
62 70 4490
62 72 8728
62 73 6377
62 76 7028
62 78 8046
62 82 8596
62 83 4501
62 84 8011
62 90 9597
62 92 6631
62 94 9747
62 95 8905
62 97 6518
62 99 5314
63 5 5231
63 13 6794
63 15 8827
63 17 9105
63 21 8506
63 25 7974
63 27 4975
63 28 9768
63 29 6991
63 36 4483
63 38 4412
63 44 6813
63 49 4184
63 52 5607
63 53 5357
63 57 6627
63 66 5982
63 69 8919
63 72 9837
63 73 8874
63 81 6162
63 84 7855
63 85 5314
63 86 7709
63 91 4884
63 93 5056
63 97 8109
64 9 7451
64 10 9604
64 14 9820
64 19 9123
64 28 6122
64 31 6600
64 32 8577
64 34 6298
64 39 9291
64 40 5765
64 41 6208
64 42 9789
64 43 9078
64 49 9210
64 51 4785
64 52 5309
64 53 7372
64 55 9351
64 58 9009
64 59 7242
64 60 6925
64 62 7485
64 65 9865
64 76 9273
64 80 8763
64 81 6427
64 82 5024
65 1 7591
65 3 9460
65 7 9678
65 12 5854
65 14 8680
65 18 6034
65 20 8027
65 23 7660
65 26 6420
65 40 4194
65 43 5733
65 45 4846
65 47 4702
65 48 7629
65 54 9448
65 56 5887
65 57 4122
65 60 4980
65 64 9865
65 67 5860
65 73 8972
65 75 8209
65 77 9607
65 80 4581
65 84 8743
65 85 7239
65 87 8829
65 88 5204
65 96 8625
65 98 4910
66 2 7069
66 3 5482
66 11 6271
66 19 4249
66 20 4600
66 23 4528
66 29 4487
66 32 6561
66 35 6273
66 39 8091
66 42 7449
66 45 8996
66 47 7850
66 48 5687
66 51 4952
66 54 8161
66 56 7457
66 57 5110
66 58 7338
66 59 6363
66 62 6562
66 63 5982
66 78 9601
66 79 7673
66 85 4063
66 89 9663
66 99 6527
67 1 7813
67 4 9429
67 9 7554
67 12 8826
67 14 6003
67 15 4221
67 16 6145
67 18 5823
67 19 5432
67 23 7744
67 24 7736
67 25 9216
67 29 8131
67 30 5046
67 32 7758
67 35 5021
67 36 4988
67 39 8935
67 41 5392
67 42 8982
67 44 8129
67 47 6543
67 49 4503
67 50 4800
67 54 7783
67 57 8634
67 61 8626
67 65 5860
67 69 7349
67 71 9301
67 73 9333
67 81 7086
67 84 6421
67 87 8058
67 93 8510
67 95 8093
67 97 5813
68 9 6825
68 10 6632
68 11 6569
68 12 5927
68 14 5050
68 20 8993
68 21 9567
68 22 5462
68 23 4637
68 25 5540
68 30 9413
68 33 6567
68 34 4068
68 36 7457
68 38 8017
68 39 4393
68 40 6729
68 50 4885
68 61 8191
68 69 6166
68 70 5555
68 72 6760
68 74 7629
68 76 6010
68 77 8076
68 84 4832
68 86 6420
68 88 6265
68 89 7373
68 94 6785
68 96 8786
68 97 5478
68 99 4770
69 1 5948
69 4 6084
69 6 5368
69 9 9660
69 12 8601
69 14 5498
69 17 4239
69 24 7927
69 26 6802
69 29 6375
69 30 9054
69 35 8468
69 37 8481
69 40 5155
69 41 8167
69 42 5645
69 43 4732
69 45 7385
69 46 6178
69 48 4906
69 50 9448
69 53 9586
69 54 4860
69 57 5951
69 60 7377
69 62 9307
69 63 8919
69 67 7349
69 68 6166
69 70 9637
69 72 9705
69 80 6149
69 81 8003
69 91 4890
69 92 8071
70 1 5020
70 2 9611
70 3 9652
70 4 5120
70 5 6437
70 6 5091
70 13 5597
70 28 5012
70 31 5043
70 35 4518
70 42 7393
70 44 8806
70 45 9985
70 47 9406
70 49 7898
70 52 4392
70 53 5123
70 55 7549
70 61 8011
70 62 4490
70 68 5555
70 69 9637
70 71 7386
70 73 4742
70 76 7247
70 80 4969
70 81 7098
70 83 4224
70 87 9330
70 89 8612
70 93 5359
70 94 6985
70 99 6888
71 1 5025
71 5 7667
71 10 5072
71 12 7365
71 15 5951
71 18 4918
71 26 8522
71 28 4903
71 29 5137
71 32 4283
71 47 6093
71 48 5110
71 49 5341
71 52 9551
71 58 6340
71 59 5390
71 61 9374
71 67 9301
71 70 7386
71 80 4915
71 83 4071
71 85 9376
71 88 7180
71 92 4342
71 96 7591
71 97 5060
72 2 5534
72 3 5330
72 4 9393
72 13 9277
72 26 5703
72 27 5084
72 28 7621
72 29 9689
72 34 4992
72 37 6462
72 38 5338
72 41 7136
72 43 5537
72 44 9298
72 48 8323
72 55 6670
72 56 5966
72 59 5675
72 62 8728
72 63 9837
72 68 6760
72 69 9705
72 73 9137
72 74 5207
72 77 4217
72 78 6095
72 80 7515
72 84 8841
72 85 5718
72 87 7946
72 88 6828
72 91 4282
72 94 8155
73 3 8097
73 7 6031
73 9 6603
73 11 4770
73 13 5189
73 14 8560
73 18 8300
73 21 8903
73 24 7340
73 36 6397
73 37 4549
73 38 7179
73 40 7068
73 41 4939
73 44 6084
73 46 8825
73 51 8397
73 53 9513
73 55 7768
73 62 6377
73 63 8874
73 65 8972
73 67 9333
73 70 4742
73 72 9137
73 74 4624
73 76 9397
73 77 4236
73 78 5584
73 80 5425
73 85 4841
73 86 4139
73 90 5021
73 92 7236
74 5 4119
74 9 6869
74 11 6736
74 17 4505
74 21 7548
74 28 9949
74 29 6288
74 30 8125
74 32 5120
74 35 4115
74 37 5809
74 46 5416
74 47 6888
74 48 4556
74 50 7495
74 52 7347
74 53 7491
74 57 8731
74 61 7664
74 68 7629
74 72 5207
74 73 4624
74 77 9724
74 78 8151
74 79 7318
74 82 6892
74 86 5818
74 88 9566
74 91 4478
74 92 5822
74 98 7115
75 1 6695
75 6 4724
75 13 9106
75 23 7831
75 28 4617
75 31 8151
75 32 9236
75 35 8129
75 42 4460
75 46 4070
75 50 4775
75 51 7704
75 65 8209
75 76 9235
75 77 7309
75 79 8673
75 81 4754
75 85 6690
75 91 7857
75 99 5146
76 4 8152
76 9 8234
76 11 5807
76 13 9586
76 14 7852
76 16 8195
76 18 4679
76 24 8078
76 25 9763
76 31 6043
76 37 6439
76 39 8750
76 44 9523
76 49 7026
76 50 6597
76 51 6044
76 55 6038
76 61 7889
76 62 7028
76 64 9273
76 68 6010
76 70 7247
76 73 9397
76 75 9235
76 79 5868
76 82 7182
76 88 5615
77 9 6827
77 10 9631
77 11 8741
77 18 9582
77 21 6453
77 24 6959
77 33 4348
77 34 7968
77 37 4860
77 38 4784
77 40 6970
77 42 7463
77 45 7900
77 57 6145
77 65 9607
77 68 8076
77 72 4217
77 73 4236
77 74 9724
77 75 7309
77 78 9914
77 81 7684
77 83 8030
77 84 4142
77 85 5850
77 88 5675
77 91 4375
77 92 8131
77 93 4262
77 95 6858
77 96 8886
77 98 9684
78 1 5243
78 7 6610
78 13 6736
78 17 9056
78 18 4274
78 20 4911
78 24 9176
78 27 7162
78 28 9752
78 29 7551
78 32 9693
78 39 4349
78 43 4419
78 47 6254
78 50 5917
78 51 4641
78 53 4029
78 54 4886
78 61 8737
78 62 8046
78 66 9601
78 72 6095
78 73 5584
78 74 8151
78 77 9914
78 81 6169
78 83 6716
78 86 7789
78 88 8333
78 93 5421
78 95 4368
79 1 7962
79 2 4485
79 7 8297
79 12 9555
79 15 4484
79 27 6081
79 35 9742
79 37 5324
79 40 6287
79 43 5930
79 46 6741
79 48 9127
79 50 6639
79 54 9574
79 66 7673
79 74 7318
79 75 8673
79 76 5868
79 83 9280
79 90 6701
79 92 5320
79 93 9264
80 4 8746
80 19 9879
80 21 8181
80 24 9112
80 29 8101
80 34 8686
80 37 5406
80 39 8895
80 40 6380
80 46 8056
80 49 8047
80 50 6896
80 56 6864
80 59 9145
80 60 7355
80 64 8763
80 65 4581
80 69 6149
80 70 4969
80 71 4915
80 72 7515
80 73 5425
80 85 9629
80 88 4546
80 90 9539
80 92 6176
80 99 4066
81 5 6874
81 8 8484
81 12 7034
81 18 8518
81 19 8086
81 21 9169
81 23 9551
81 32 6330
81 33 8382
81 38 4106
81 39 6964
81 43 9248
81 44 5569
81 47 4724
81 48 4739
81 54 8639
81 59 9436
81 61 5893
81 63 6162
81 64 6427
81 67 7086
81 69 8003
81 70 7098
81 75 4754
81 77 7684
81 78 6169
81 88 5443
81 89 6877
81 90 5096
81 91 4734
81 94 9028
81 99 7445
82 4 8313
82 8 5136
82 9 5734
82 14 8482
82 15 5596
82 19 9104
82 23 9658
82 24 4342
82 25 5350
82 26 4971
82 30 5410
82 37 8291
82 41 6854
82 42 9349
82 43 5652
82 48 4550
82 51 5040
82 52 9583
82 57 8541
82 59 6330
82 61 8425
82 62 8596
82 64 5024
82 74 6892
82 76 7182
82 90 5043
82 91 5546
82 92 4533
82 95 5343
82 97 4784
83 1 9073
83 5 5589
83 11 6899
83 12 5365
83 13 8488
83 15 5433
83 17 8577
83 18 7928
83 20 8602
83 26 6467
83 33 6720
83 34 5321
83 36 7220
83 41 7319
83 42 6762
83 44 8990
83 49 8244
83 53 6665
83 58 4676
83 60 9304
83 62 4501
83 70 4224
83 71 4071
83 77 8030
83 78 6716
83 79 9280
83 85 6047
83 86 9987
83 88 5220
83 89 5742
83 94 8513
84 4 4097
84 6 4110
84 9 8586
84 14 7287
84 15 7544
84 17 9661
84 23 5765
84 25 4668
84 28 9596
84 35 6338
84 38 5869
84 40 5532
84 44 5610
84 50 9007
84 53 9449
84 56 4169
84 59 6090
84 62 8011
84 63 7855
84 65 8743
84 67 6421
84 68 4832
84 72 8841
84 77 4142
84 87 8046
84 88 9809
84 90 8017
84 97 9848
85 2 6324
85 6 5249
85 7 6334
85 11 8725
85 18 7927
85 20 9320
85 29 6066
85 37 8211
85 41 7511
85 43 8367
85 47 6673
85 50 4989
85 52 5282
85 56 6548
85 58 8818
85 63 5314
85 65 7239
85 66 4063
85 71 9376
85 72 5718
85 73 4841
85 75 6690
85 77 5850
85 80 9629
85 83 6047
85 88 7874
85 89 5965
85 90 9149
85 97 7899
85 98 7306
86 13 4685
86 17 7540
86 24 4281
86 25 4908
86 30 9444
86 34 5812
86 37 6492
86 38 5477
86 48 5232
86 50 7627
86 56 8105
86 61 4976
86 63 7709
86 68 6420
86 73 4139
86 74 5818
86 78 7789
86 83 9987
86 88 7984
86 93 4051
86 94 5831
86 96 4203
87 8 4337
87 10 4886
87 11 4068
87 15 6928
87 19 7582
87 20 9386
87 21 9182
87 26 8145
87 28 4027
87 33 4545
87 35 5911
87 38 7827
87 50 6556
87 53 4263
87 55 9701
87 56 7551
87 58 7439
87 65 8829
87 67 8058
87 70 9330
87 72 7946
87 84 8046
87 88 6040
87 94 8691
87 96 6174
88 1 4874
88 2 4220
88 7 6399
88 9 7468
88 11 7338
88 13 7932
88 16 4235
88 17 4671
88 18 9057
88 20 8120
88 22 8654
88 23 5039
88 25 5150
88 27 8347
88 29 4096
88 30 9974
88 33 4107
88 34 6351
88 45 9967
88 46 7234
88 51 6149
88 55 9712
88 56 4696
88 65 5204
88 68 6265
88 71 7180
88 72 6828
88 74 9566
88 76 5615
88 77 5675
88 78 8333
88 80 4546
88 81 5443
88 83 5220
88 84 9809
88 85 7874
88 86 7984
88 87 6040
88 90 9029
88 97 4842
88 98 4444
88 99 8129
89 10 9310
89 11 7319
89 12 9971
89 14 9098
89 17 8526
89 18 8803
89 22 7472
89 23 8890
89 24 5272
89 25 4700
89 26 8620
89 27 4903
89 28 5154
89 40 7310
89 45 7797
89 46 9887
89 47 5547
89 48 7154
89 50 8149
89 51 5719
89 52 4577
89 53 6616
89 55 4004
89 66 9663
89 68 7373
89 70 8612
89 81 6877
89 83 5742
89 85 5965
89 91 8952
89 92 4226
89 98 7618
90 4 6960
90 5 6183
90 10 4241
90 11 5196
90 12 4703
90 13 4204
90 16 5755
90 17 7528
90 23 7571
90 24 8618
90 29 8136
90 31 5014
90 40 6132
90 48 4022
90 49 8469
90 51 9968
90 54 4087
90 57 9593
90 60 7487
90 61 9358
90 62 9597
90 73 5021
90 79 6701
90 80 9539
90 81 5096
90 82 5043
90 84 8017
90 85 9149
90 88 9029
90 91 8913
90 94 8672
91 2 5938
91 8 5000
91 10 6124
91 13 7035
91 16 5961
91 17 4888
91 18 4218
91 19 6160
91 21 9624
91 25 6526
91 26 7668
91 28 8142
91 37 8974
91 38 7301
91 40 7356
91 41 8076
91 43 5968
91 50 6925
91 51 6515
91 53 4364
91 55 8832
91 59 5919
91 63 4884
91 69 4890
91 72 4282
91 74 4478
91 75 7857
91 77 4375
91 81 4734
91 82 5546
91 89 8952
91 90 8913
91 94 5430
91 97 4955
91 99 5992
92 8 5126
92 14 8344
92 24 8638
92 25 7373
92 26 6577
92 28 6602
92 30 4761
92 31 5009
92 33 7391
92 43 9553
92 49 5231
92 51 8316
92 52 6003
92 54 8823
92 56 5692
92 58 9340
92 59 6896
92 62 6631
92 69 8071
92 71 4342
92 73 7236
92 74 5822
92 77 8131
92 79 5320
92 80 6176
92 82 4533
92 89 4226
92 94 8104
92 98 4407
92 99 7436
93 3 6300
93 4 4223
93 6 8931
93 10 7660
93 11 4989
93 17 6088
93 23 8530
93 26 5435
93 28 7320
93 33 7944
93 34 7785
93 36 4315
93 37 9292
93 38 8169
93 44 8423
93 45 6613
93 50 6397
93 55 5202
93 56 8702
93 57 4320
93 59 5830
93 60 5410
93 63 5056
93 67 8510
93 70 5359
93 77 4262
93 78 5421
93 79 9264
93 86 4051
93 94 8461
93 95 9089
94 5 8121
94 11 4595
94 12 7721
94 13 9130
94 17 4792
94 24 6186
94 25 9548
94 26 9827
94 29 8163
94 30 6863
94 35 8349
94 39 9139
94 40 8254
94 45 9862
94 48 8422
94 51 7471
94 52 7817
94 53 6811
94 55 9078
94 61 4039
94 62 9747
94 68 6785
94 70 6985
94 72 8155
94 81 9028
94 83 8513
94 86 5831
94 87 8691
94 90 8672
94 91 5430
94 92 8104
94 93 8461
94 95 4865
94 97 9781
95 3 6224
95 4 9384
95 10 9266
95 13 5426
95 14 5242
95 29 9846
95 30 6076
95 32 4417
95 34 8436
95 35 7296
95 38 9082
95 42 6968
95 49 7443
95 55 4405
95 56 4767
95 57 4320
95 58 4337
95 59 9825
95 60 4843
95 61 6828
95 62 8905
95 67 8093
95 77 6858
95 78 4368
95 82 5343
95 93 9089
95 94 4865
96 4 4398
96 6 6360
96 8 4788
96 14 8361
96 16 9123
96 19 7039
96 25 7479
96 28 6313
96 29 7973
96 33 5980
96 45 5693
96 46 5274
96 58 7846
96 65 8625
96 68 8786
96 71 7591
96 77 8886
96 86 4203
96 87 6174
96 97 9578
97 1 8127
97 3 4659
97 6 8006
97 7 9746
97 11 9923
97 15 5690
97 16 7953
97 18 4087
97 23 9763
97 26 9303
97 28 9030
97 32 4887
97 51 4157
97 54 5989
97 55 6146
97 62 6518
97 63 8109
97 67 5813
97 68 5478
97 71 5060
97 82 4784
97 84 9848
97 85 7899
97 88 4842
97 91 4955
97 94 9781
97 96 9578
97 98 4954
97 99 5016
98 2 8301
98 3 6436
98 8 4608
98 9 8846
98 10 6332
98 12 9818
98 19 4074
98 20 7303
98 26 8364
98 27 6321
98 28 5337
98 31 7860
98 40 6386
98 43 8841
98 45 9171
98 53 4671
98 58 4963
98 60 6759
98 65 4910
98 74 7115
98 77 9684
98 85 7306
98 88 4444
98 89 7618
98 92 4407
98 97 4954
1 t 5713
3 t 5688
4 t 8962
9 t 9774
14 t 5632
15 t 8168
18 t 9899
22 t 4560
24 t 9508
26 t 7619
29 t 9344
30 t 4605
31 t 4706
33 t 7779
36 t 9256
39 t 9564
46 t 7800
53 t 9033
55 t 6122
58 t 6868
62 t 5314
66 t 6527
68 t 4770
70 t 6888
75 t 5146
80 t 4066
81 t 7445
88 t 8129
91 t 5992
92 t 7436
97 t 5016
